0.4
0.3
0.05
0.05
0.05
0.25
0.4
0.2
0.35
0.05
0.1
0.3
0.4
0.4
0.4
-2.6724e-24
0.35
0.25
0.15
0.2
0.05
0.2
0.05
0.2
0.4
-2.6724e-24
0.15
0.05
0.05
0.35
0.25
0.3
0.45
0.1
0.4
0.35
0.05
0.45
0.4
0.35
0.05
0.45
0.3
0.35
0.35
0.4
0.2
0.2
0.15
0.25
0.15
0.2
0.3
0.25
0.4
0.4
0.1
-2.6724e-24
0.3
0.25
0.05
0.35
0.1
0.1
0.4
-2.67306e-24
0.1
0.1
-2.65427e-24
-2.63601e-24
0.45
0.2
-2.58264e-24
0.25
0.4
0.15
0.45
0.35
0.35
0.4
0.45
0.15
0.05
0.15
0.2
-2.6724e-24
0.3
0.2
0.4
0.1
0.2
0.3
0.15
0.4
0.2
-2.70821e-24
0.45
0.05
0.15
0.15
0.25
0.35
0.35
0.15
0.3
0.3
0.05
0.1
-2.67194e-24
0.15
0.1
0.35
0.1
0.3
0.25
0.45
0.25
0.25
-2.69208e-24
0.4
0.25
0.1
0.15
0.05
0.3
0.1
0.35
0.4
0.25
0.1
-2.79516e-24
-2.75052e-24
0.25
-2.70988e-24
0.3
0.2
0.15
0.4
0.05
0.35
0.15
0.4
0.25
0.25
0.05
-2.68219e-24
0.3
0.1
0.2
0.2
0.3
0.35
0.05
0.2
0.15
0.1
-4.24305e-24
0.1
0.45
0.2
0.1
0.35
0.35
0.15
0.15
0.15
0.1
0.25
0.4
0.15
0.2
0.1
0.35
0.2
0.3
0.4
0.25
0.05
-3.14452e-24
-3.38219e-24
0.35
0.05
-5.0042e-24
0.4
0.1
0.2
0.3
0.05
0.3
0.45
-2.9174e-24
0.15
0.45
0.1
0.3
0.45
0.4
0.05
0.25
0.3
0.2
0.4
0.1
0.05
0.15
0.25
0.2
0.35
0.25
-3.77353e-24
0.1
0.05
-4.17357e-24
0.25
0.25
0.35
0.35
0.1
0.1
0.1
-3.00485e-24
0.05
-2.70408e-24
0.15
-2.67239e-24
0.05
0.2
0.3
0.15
0.25
0.35
0.3
0.3
0.35
0.15
0.05
0.3
0.25
-4.92439e-24
-5.36022e-24
0.45
0.1
0.25
0.45
0.2
0.3
-3.15511e-24
0.2
0.4
0.2
0.35
0.3
0.15
-2.67211e-24
0.15
-2.67082e-24
0.1
0.4
0.25
0.4
0.05
0.3
0.25
0.2
0.15
0.15
0.05
0.1
0.35
0.4
-2.74643e-24
0.45
0.1
0.45
0.15
0.4
0.3
0.3
0.35
0.1
0.2
-2.67191e-24
0.3
0.35
0.45
0.4
0.1
0.25
0.3
0.15
0.05
-2.43106e-24
0.3
-4.58278e-24
0.25
0.1
0.15
0.35
0.4
0.3
0.35
0.2
0.45
0.05
0.1
0.2
0.2
0.05
0.3
0.25
0.05
0.25
0.2
0.05
0.2
0.15
0.15
0.45
0.05
0.1
0.1
0.1
-6.98874e-24
0.25
0.45
0.05
0.1
-2.45772e-24
0.4
0.35
0.15
0.3
0.3
0.35
0.45
0.1
0.25
0.2
0.2
0.45
0.3
0.4
0.3
0.25
0.25
0.2
0.05
0.15
0.1
0.2
0.45
0.15
0.25
0.25
0.2
0.25
0.45
0.15
0.15
0.45
0.25
0.4
0.3
0.3
0.15
-2.67237e-24
0.2
0.35
0.2
0.35
0.25
0.1
0.25
-2.27208e-24
-2.52979e-24
0.25
0.3
0.2
0.4
0.2
0.45
-1.30526e-24
0.35
0.15
0.45
0.3
0.2
0.4
0.35
0.4
0.1
0.05
0.4
0.25
0.25
0.15
0.35
-2.64589e-24
0.4
0.15
0.1
0.4
0.4
-2.63629e-24
0.15
0.1
0.15
0.05
0.45
0.05
0.35
0.1
0.35
0.3
0.1
0.2
0.35
0.15
0.25
0.4
0.2
0.1
0.25
0.4
-2.6649e-24
0.05
-2.63084e-24
0.45
0.25
0.45
0.25
0.45
0.25
0.3
0.2
0.3
0.35
0.2
0.15
0.25
0.05
0.45
-2.65502e-24
0.45
0.3
0.25
0.25
0.05
0.25
-2.67248e-24
0.35
0.15
0.25
0.25
0.25
-2.6016e-24
-2.41906e-24
-2.17244e-24
0.45
0.1
0.2
-5.21738e-24
0.35
0.35
0.45
0.35
0.05
-2.83682e-24
0.35
0.3
0.1
0.2
0.2
0.35
0.05
0.1
0.45
0.05
0.2
0.1
0.2
0.15
0.25
0.4
0.35
0.25
0.05
0.4
0.05
0.3
0.1
0.35
0.35
0.4
0.4
0.4
0.05
0.15
-2.70025e-24
0.3
0.45
0.45
0.35
0.1
0.15
0.4
0.45
0.05
0.35
0.1
-3.10092e-24
0.45
0.05
0.05
0.25
0.1
0.4
-5.45588e-24
0.25
0.45
0.2
-2.91774e-24
0.35
-3.03275e-24
0.15
0.15
0.35
0.35
0.25
0.25
0.15
0.25
0.3
0.1
0.4
0.1
-2.70261e-24
0.35
-3.1833e-24
0.3
0.25
0.3
0.1
0.25
0.15
0.45
0.25
0.05
0.05
0.35
0.2
0.05
0.35
0.35
0.25
0.45
0.05
0.4
0.3
0.3
0.2
0.1
0.4
0.15
0.35
0.05
0.2
0.1
0.2
0.3
0.15
0.35
0.3
-4.82757e-24
0.3
-3.48098e-24
0.25
0.45
0.05
0.35
0.15
0.25
0.1
0.1
0.35
0.3
-2.67362e-24
0.25
0.4
0.15
0.3
0.45
0.1
0.05
0.25
0.3
0.1
0.45
0.2
0.4
0.4
0.25
0.05
0.35
0.05
0.25
0.15
0.4
0.15
-2.72512e-24
0.05
0.05
0.15
0.35
0.05
0.1
0.1
0.45
0.25
0.05
0.1
0.05
-2.85192e-24
0.35
0.05
0.25
0.3
0.15
0.15
0.05
0.2
0.15
0.45
0.2
0.2
0.45
0.15
0.3
0.25
0.2
-2.67344e-24
0.15
0.4
0.35
0.4
0.35
0.45
0.3
0.4
0.3
0.45
0.05
0.3
0.35
0.4
0.3
0.1
0.3
0.3
0.3
0.25
0.05
-2.63053e-24
0.45
0.3
0.2
0.45
0.15
0.15
0.35
0.2
0.25
0.4
0.1
0.1
0.05
0.25
0.35
0.1
0.25
0.1
0.45
0.2
0.15
0.45
0.35
0.1
-2.81993e-24
0.2
0.2
0.35
0.4
0.4
0.1
-2.67206e-24
0.25
0.35
0.4
0.05
0.25
0.4
-2.6724e-24
0.2
0.1
0.1
0.1
0.3
0.2
0.35
0.3
0.4
0.45
0.25
0.1
0.3
0.35
-2.41106e-24
0.4
0.05
0.1
0.35
0.3
0.1
0.25
0.05
0.25
0.2
0.35
0.35
0.05
0.35
0.35
-2.67203e-24
0.2
0.1
0.2
0.1
0.05
0.45
0.2
0.05
0.45
0.35
0.4
0.25
0.05
0.4
0.45
0.3
0.25
0.4
0.35
0.45
0.05
0.2
0.45
0.15
0.3
0.15
0.15
0.05
0.4
0.2
-2.67228e-24
-2.67191e-24
0.4
0.1
0.3
0.35
0.2
0.15
0.15
-2.67136e-24
0.15
0.05
0.1
0.4
0.45
0.45
0.3
0.35
0.1
0.15
0.2
0.007
0.35
0.35
0.35
0.15
0.2
0.2
0.4
0.3
0.35
0.4
0.45
0.15
0.45
0.45
0.15
0.3
0.2
0.45
0.3
0.4
0.4
0.25
0.05
0.15
0.35
0.35
0.05
0.3
0.05
0.35
0.15
0.35
0.05
0.45
0.15
0.4
-7.12379e-24
0.05
0.4
0.2
0.1
0.2
-7.12461e-24
0.3
0.25
-7.12456e-24
0.1
-7.12412e-24
0.45
0.4
0.4
0.1
0.2
0.45
0.2
0.15
0.1
0.15
-7.1236e-24
0.45
0.05
-7.1236e-24
0.2
0.3
0.4
0.2
0.15
0.15
0.4
0.45
0.45
0.35
0.25
-7.13525e-24
0.15
0.1
-7.12493e-24
0.35
-7.12444e-24
0.2
0.4
0.45
0.25
0.45
0.05
0.25
0.2
0.3
0.1
0.35
0.15
0.05
0.05
0.2
0.45
0.35
0.2
-7.16632e-24
0.1
0.15
0.1
0.2
0.1
0.35
0.4
-7.12496e-24
0.4
0.4
0.2
0.15
0.05
0.3
0.3
0.25
0.25
0.1
0.15
0.35
0.45
0.15
0.4
0.25
0.1
0.2
0.3
0.35
0.4
0.15
0.4
-8.63222e-24
0.4
0.3
0.35
-7.16928e-24
0.25
0.3
0.3
0.1
0.35
0.05
0.05
0.45
0.45
0.45
0.35
0.1
0.1
0.3
0.1
0.35
0.35
0.3
0.1
0.05
0.1
0.15
0.35
0.05
0.25
0.35
0.35
0.2
0.25
0.45
-7.09848e-24
0.45
0.4
0.15
0.2
-7.1236e-24
0.15
0.05
0.25
0.2
0.4
0.1
0.2
0.45
0.1
0.2
0.2
0.25
0.15
0.05
0.35
0.05
0.4
0.25
0.3
0.3
-7.02338e-24
0.1
0.25
0.45
-7.11591e-24
0.05
-7.1236e-24
-7.12359e-24
-7.12233e-24
0.3
0.4
-7.1234e-24
0.25
0.05
0.1
0.05
0.05
0.2
0.05
0.3
0.2
0.45
0.15
0.15
0.25
0.3
0.3
0.15
-6.94623e-24
0.25
0.05
-7.05891e-24
0.25
0.25
0.4
0.35
-7.12391e-24
0.45
0.2
0.45
0.45
0.2
-7.10091e-24
0.3
0.35
0.25
0.4
0.1
0.15
-1.54218e-23
0.05
0.45
0.15
0.45
0.05
0.2
0.05
0.45
0.35
0.35
0.3
-7.12263e-24
0.45
0.3
0.2
0.1
0.15
0.05
0.25
0.3
0.1
0.45
0.4
0.2
0.3
0.4
0.35
0.05
0.15
0.2
0.2
0.05
0.25
0.3
0.45
0.35
0.35
0.4
0.3
0.15
0.05
0.3
0.1
0.4
0.25
0.2
-7.13694e-24
0.2
0.15
0.25
0.05
0.05
0.4
0.1
0.35
0.15
0.15
0.45
0.4
-6.98117e-24
-6.93348e-24
0.05
0.1
0.4
0.35
0.05
0.4
-7.12347e-24
-7.12366e-24
0.45
0.1
0.2
-7.13135e-24
0.4
0.25
-7.07203e-24
0.35
0.45
0.2
0.3
0.05
0.25
0.2
0.05
0.45
0.35
0.3
0.1
0.35
0.05
0.1
0.25
0.4
0.45
0.05
0.1
0.3
0.3
0.35
0.35
0.15
0.25
0.1
0.45
0.15
0.2
0.05
0.4
0.1
0.4
0.15
0.05
0.2
0.4
0.2
0.4
0.2
0.1
0.3
-7.12156e-24
0.1
0.25
0.05
0.3
0.1
0.3
0.05
-7.12633e-24
-7.1362e-24
0.35
0.4
0.35
0.1
-6.49892e-24
0.2
0.25
0.25
0.25
0.4
0.05
0.05
0.25
0.35
0.3
-7.07161e-24
0.2
0.45
0.15
0.25
0.15
0.45
0.4
0.25
0.1
0.3
0.15
0.2
0.3
0.05
0.1
0.4
0.1
0.25
0.15
0.25
0.1
0.3
0.3
-7.47215e-24
0.45
0.15
0.25
0.1
-7.0977e-24
0.2
0.2
0.15
-7.12121e-24
0.45
0.3
0.35
0.35
0.3
0.45
0.25
0.4
0.05
0.25
-6.79476e-24
0.05
0.3
0.15
0.05
-1.49945e-23
0.05
0.1
0.25
0.35
0.35
-6.95389e-24
0.05
0.3
0.15
0.05
-7.12201e-24
0.2
0.25
0.1
0.4
-7.12366e-24
0.1
0.05
0.45
0.05
0.05
0.2
0.4
0.45
0.35
0.2
0.35
0.45
0.3
0.1
0.1
0.45
0.2
0.45
0.25
0.45
0.05
0.25
0.45
0.45
0.4
0.1
0.2
0.3
0.35
0.1
0.2
0.45
-7.01141e-24
0.45
0.35
0.45
0.1
0.15
0.05
0.3
0.1
0.25
0.2
0.3
0.25
0.1
0.35
0.25
0.2
0.35
-7.1319e-24
0.3
-7.1265e-24
0.45
0.4
0.25
0.4
0.2
-7.11581e-24
0.2
0.15
0.35
0.35
0.05
0.45
0.45
0.45
0.2
0.3
0.25
0.4
0.3
0.2
0.2
0.25
0.35
0.2
0.3
0.4
0.3
-7.1247e-24
0.4
0.15
0.35
0.05
0.35
0.35
0.1
0.3
0.1
0.15
0.45
0.1
0.35
0.4
-1.54518e-23
-1.45138e-23
0.4
0.1
0.4
0.25
0.15
0.3
0.35
0.1
0.35
0.15
0.1
0.05
0.05
0.45
0.1
0.05
0.25
0.2
0.4
0.05
0.35
0.35
0.05
0.4
-9.9621e-24
-1.25668e-23
0.35
0.25
0.15
0.4
0.45
0.3
0.05
0.05
0.35
0.15
0.4
0.4
0.3
0.3
-7.12397e-24
0.05
0.25
0.1
0.3
-7.12019e-24
0.15
0.05
0.45
0.05
0.1
0.35
0.1
-1.24276e-23
0.3
0.3
0.35
0.25
-7.10501e-24
0.15
0.25
0.45
0.15
0.25
0.2
0.45
0.45
-7.12368e-24
0.05
0.1
0.25
0.2
0.25
0.25
0.4
0.3
0.25
0.25
0.25
-8.8129e-24
0.35
0.45
0.2
0.05
0.3
0.2
0.35
0.4
0.05
-7.10462e-24
0.2
0.45
-7.12344e-24
-7.12329e-24
0.3
0.45
0.45
0.15
-7.1236e-24
0.25
0.3
0.35
0.2
0.35
0.35
0.2
0.35
0.25
0.25
0.45
0.05
0.4
0.1
0.15
0.35
0.05
0.15
0.3
-7.12067e-24
0.35
0.45
0.1
0.05
-7.12373e-24
0.35
-7.1236e-24
0.05
0.05
0.3
0.35
0.2
0.35
0.4
0.3
0.25
0.25
0.25
0.05
0.1
0.1
0.05
0.05
0.35
0.35
0.35
0.15
0.3
0.35
0.1
0.15
0.25
-7.12362e-24
0.4
0.3
0.25
0.2
0.1
0.15
0.1
0.45
0.4
0.15
0.05
0.2
0.05
0.3
0.3
0.4
-7.10373e-24
0.3
0.25
0.25
0.3
0.3
0.05
-7.12298e-24
0.15
0.35
0.05
0.15
0.3
0.2
0.2
-7.1236e-24
0.15
0.35
0.4
0.35
-7.13265e-24
0.05
0.1
0.45
0.2
0.2
0.15
-7.17882e-24
-7.16813e-24
0.25
0.05
0.45
0.3
0.3
0.15
0.3
0.15
0.1
-7.1236e-24
0.3
0.2
0.2
0.45
0.3
0.25
0.45
0.05
0.2
0.35
0.25
0.45
0.45
0.35
0.35
0.25
0.1
0.05
0.25
0.4
0.1
0.15
0.25
0.05
0.4
-7.12363e-24
-7.1236e-24
0.45
0.1
0.15
-0.008
-1.21609e-24
0.05
0.25
-1.21609e-24
0.45
0.3
0.45
0.45
0.35
0.05
0.4
-1.21609e-24
-1.2161e-24
0.25
0.3
0.4
0.25
-1.21609e-24
-1.21609e-24
0.35
0.05
0.1
0.25
0.45
0.1
0.2
0.45
-1.21609e-24
0.35
0.45
0.35
0.1
0.05
0.25
0.15
0.25
0.45
0.05
0.15
0.35
0.1
0.2
0.15
-1.21617e-24
0.3
0.25
0.05
0.15
0.2
0.25
0.45
0.4
-1.21609e-24
0.3
0.15
0.3
0.35
-1.21609e-24
-1.21609e-24
0.35
0.1
-1.21609e-24
0.3
0.4
0.25
0.25
0.35
0.45
0.4
0.45
0.35
0.45
0.15
-1.21684e-24
0.45
0.45
0.2
0.35
0.05
0.25
0.25
0.1
0.3
0.2
0.15
0.15
0.45
0.2
0.35
0.05
-1.21566e-24
0.05
0.3
0.25
0.45
0.1
0.45
0.45
0.1
0.05
0.2
0.35
0.2
0.1
0.35
0.4
0.15
0.35
0.3
-1.2161e-24
0.05
0.2
-1.21609e-24
0.15
0.3
0.25
0.2
0.45
0.4
-1.21387e-24
0.4
0.35
0.25
0.25
0.25
0.3
0.1
0.35
0.45
0.25
0.35
-1.35051e-24
0.15
0.45
0.25
-1.22027e-24
0.3
0.3
0.25
-1.21611e-24
0.4
0.05
0.3
-1.21609e-24
0.25
0.15
0.05
0.25
0.25
0.4
-1.22056e-24
0.15
0.2
0.05
0.4
0.1
0.45
0.2
0.2
0.05
0.25
0.3
0.25
0.2
0.2
0.45
0.35
0.4
0.3
0.1
0.35
-1.216e-24
0.15
0.2
0.05
0.2
0.05
0.4
0.3
0.1
0.45
0.45
-2.02282e-24
0.35
0.25
0.3
0.15
0.4
0.35
0.25
-1.2356e-24
-1.22758e-24
-1.22174e-24
0.3
0.15
0.05
0.25
0.4
0.05
0.45
0.1
0.05
0.25
0.45
0.3
0.25
-1.13608e-24
0.45
-1.32759e-24
0.4
0.3
0.45
0.15
0.45
0.3
0.45
0.35
0.2
0.15
0.3
0.35
0.25
0.25
0.45
-1.2161e-24
0.45
0.1
0.25
0.05
0.35
0.1
0.45
0.45
0.25
0.25
0.35
0.05
0.25
0.1
0.45
0.3
0.1
0.2
0.15
0.25
0.3
0.35
0.4
0.15
0.05
-1.21663e-24
0.3
0.2
0.1
0.3
0.45
0.05
0.1
-1.17684e-24
0.35
0.1
0.4
0.35
0.3
0.05
-1.7109e-24
0.3
0.3
0.15
0.3
0.1
0.25
0.45
0.1
0.45
0.45
0.1
0.4
0.1
0.3
0.15
-1.21563e-24
0.25
0.35
0.15
0.35
-1.17753e-24
0.1
0.45
0.3
-1.09295e-24
0.35
0.25
0.35
0.2
0.45
0.15
0.35
-1.12452e-24
0.4
0.2
0.3
0.35
0.3
0.25
0.3
0.4
0.45
0.3
0.25
-1.21458e-24
0.25
0.15
0.25
0.25
0.1
0.2
0.15
0.4
0.25
-1.35158e-24
0.05
0.05
0.25
0.3
0.45
0.2
0.15
0.45
0.25
0.1
0.4
-1.2163e-24
0.05
0.45
0.4
0.1
0.45
0.2
0.4
0.45
0.05
0.3
0.3
0.2
0.1
-1.19034e-24
0.35
0.05
0.2
0.2
0.15
0.45
0.05
0.2
0.3
0.05
0.2
0.25
0.25
0.05
0.2
0.3
0.05
0.05
0.2
0.3
0.3
0.3
0.35
0.25
0.4
0.25
0.35
0.35
0.3
0.3
0.1
0.45
0.15
0.4
0.3
0.15
-1.18049e-24
0.45
0.3
0.4
0.15
0.1
0.2
0.25
0.2
0.45
0.25
0.3
0.15
0.35
0.2
0.2
0.1
0.4
0.3
0.1
0.05
0.4
0.2
0.3
0.1
0.35
0.2
0.4
0.05
0.35
0.45
0.15
0.3
0.1
0.3
0.1
0.4
0.45
0.45
0.45
-1.21624e-24
0.05
0.25
0.05
0.05
0.2
0.05
0.05
0.45
-1.57838e-24
0.05
0.4
0.05
0.3
-1.07086e-24
0.05
0.35
0.35
0.25
0.1
0.25
-1.2071e-24
0.1
0.2
0.1
0.35
0.1
0.05
0.35
0.35
0.2
0.4
0.45
0.15
0.45
0.1
0.3
0.1
0.25
0.2
0.1
-1.1073e-24
0.05
0.1
0.45
0.35
0.25
0.45
0.05
0.15
0.25
0.45
0.2
0.05
0.3
0.45
0.25
-1.21596e-24
0.45
0.15
0.15
0.25
0.4
-1.24783e-24
-1.44333e-24
0.05
0.15
0.35
0.1
0.1
0.1
0.15
0.35
0.2
0.3
0.45
0.05
0.2
0.05
0.45
0.2
0.25
0.2
-1.21593e-24
0.35
0.05
0.05
0.05
0.4
0.45
0.25
0.45
0.3
0.05
0.35
0.25
0.1
0.35
0.1
0.4
0.3
0.2
0.15
0.35
0.45
0.3
0.4
0.2
0.25
0.05
0.25
0.2
0.15
0.15
0.4
0.4
0.4
0.1
0.35
0.1
0.3
0.4
-2.45924e-24
-2.28605e-24
-1.73849e-24
0.2
0.15
0.1
0.4
0.1
0.4
-1.20587e-24
0.4
0.25
-1.21341e-24
0.3
0.45
-1.21609e-24
0.45
-1.21606e-24
0.3
0.4
-1.21552e-24
0.05
0.05
0.3
0.15
0.4
0.05
-2.14272e-24
0.3
0.4
0.35
0.45
0.05
0.05
0.15
0.1
0.1
0.35
0.2
0.2
0.05
0.05
0.05
0.4
0.45
0.2
0.25
0.1
0.25
0.05
0.15
0.35
0.4
0.15
0.1
0.3
0.4
0.45
0.35
0.05
0.45
0.1
0.45
0.45
0.2
0.15
0.4
0.25
0.05
0.35
0.4
0.25
0.1
0.3
0.4
0.05
0.15
0.4
0.3
0.2
0.3
0.4
-1.80985e-24
0.2
0.35
0.25
0.35
0.45
0.45
-1.23899e-24
0.35
0.05
0.3
-1.21442e-24
0.05
0.2
0.15
0.35
0.4
0.25
0.05
0.25
0.3
0.35
0.35
0.1
0.35
0.2
0.25
0.15
0.25
0.3
-1.79249e-24
0.05
0.4
0.35
0.15
0.45
0.15
0.05
0.2
0.2
0.2
0.1
0.05
0.05
0.1
0.15
0.05
0.2
0.35
0.3
0.1
0.4
0.4
0.2
0.4
0.4
0.05
0.3
0.05
0.15
0.3
0.45
0.35
0.05
0.4
0.3
0.25
0.3
0.2
0.4
0.45
0.45
0.35
0.2
0.15
0.4
0.45
0.35
-1.21441e-24
0.35
0.4
0.15
0.2
0.45
0.2
-1.10954e-24
0.3
0.15
0.15
0.4
0.25
0.1
0.4
0.25
0.35
0.4
-1.21612e-24
0.1
0.2
0.3
0.35
0.05
0.25
-1.21609e-24
0.3
0.45
0.35
0.4
0.3
0.4
-1.19876e-24
0.35
0.4
0.1
0.25
0.05
-1.18153e-24
0.25
0.35
0.2
0.35
0.2
0.1
0.05
0.05
0.1
0.4
0.4
0.25
0.3
0.45
0.35
0.05
0.35
0.1
0.3
0.05
0.1
0.25
0.2
0.25
0.25
0.1
0.4
0.25
0.1
0.2
0.05
0.2
0.3
0.15
0.3
0.25
0.45
0.4
0.1
-1.21609e-24
0.004
0.05
0.45
0.15
0.1
0.35
0.1
0.4
0.1
0.2
1.54276e-23
0.05
0.35
0.05
0.05
1.54273e-23
0.05
0.15
0.15
0.3
0.1
0.45
0.35
1.54276e-23
0.15
0.45
0.35
0.4
0.45
0.45
0.3
1.54276e-23
0.05
0.25
0.3
0.05
0.35
0.15
0.2
0.15
0.35
0.2
0.45
0.15
0.2
0.3
0.1
0.05
0.25
0.35
0.05
0.15
0.2
0.1
0.2
0.25
1.54276e-23
0.05
0.3
0.05
0.1
0.05
0.1
0.15
0.1
0.2
0.35
0.4
0.45
0.1
0.1
0.05
0.4
0.05
0.2
0.45
0.45
0.3
0.35
1.54209e-23
0.4
0.1
0.15
0.25
1.54276e-23
1.54276e-23
0.05
1.54277e-23
0.45
1.54275e-23
0.1
0.15
1.54152e-23
0.35
0.35
0.3
0.4
0.4
0.1
0.2
0.1
0.25
0.15
0.3
0.45
0.15
0.1
0.1
0.2
0.15
0.25
0.3
1.54276e-23
0.2
0.3
0.15
0.2
0.05
0.25
0.2
0.2
0.2
0.1
0.05
0.45
0.4
1.78453e-23
0.45
0.15
0.3
0.05
0.2
0.1
0.45
0.45
0.3
0.1
0.2
0.05
0.45
0.45
0.25
0.4
0.4
0.2
0.45
0.05
0.05
0.3
0.4
0.35
0.35
0.15
0.35
0.15
0.05
0.35
2.39038e-23
0.4
0.35
0.1
0.1
0.45
0.3
0.35
0.4
0.2
0.2
0.25
0.45
0.2
0.4
1.54405e-23
0.15
0.15
0.25
0.4
1.5658e-23
0.05
0.2
0.4
0.25
0.3
0.25
0.1
0.2
2.23136e-23
0.35
0.2
0.45
0.2
0.05
0.35
0.4
0.2
0.35
0.2
0.2
0.2
0.05
0.1
0.2
0.1
0.3
1.56658e-23
0.15
1.58164e-23
0.05
1.60406e-23
0.1
0.3
0.2
0.2
0.2
0.25
0.35
0.25
0.15
0.4
1.51738e-23
0.45
0.15
0.4
0.25
1.54265e-23
0.25
1.54286e-23
1.54306e-23
0.15
0.35
0.3
0.25
0.05
0.45
1.55695e-23
0.25
0.35
0.05
0.25
0.3
0.1
0.25
0.35
0.1
0.15
0.3
0.05
1.50159e-23
0.4
1.50999e-23
1.52434e-23
0.05
0.3
0.05
0.45
0.2
0.35
0.35
0.15
0.3
0.25
1.54347e-23
0.35
0.25
0.15
0.2
0.05
0.2
0.4
0.45
0.1
0.45
0.3
0.05
0.15
0.25
0.25
0.35
0.05
1.53548e-23
0.4
1.54269e-23
0.45
0.2
0.45
1.54373e-23
0.1
0.35
0.1
0.3
0.3
0.15
0.25
0.4
0.1
0.2
0.3
0.1
0.4
0.1
0.25
0.45
0.3
0.05
0.4
0.35
0.05
0.35
0.4
0.3
0.35
0.1
0.35
0.1
0.35
0.4
0.2
0.45
0.3
0.3
0.15
0.25
0.15
0.45
0.15
0.35
0.3
0.35
0.3
0.1
1.53124e-23
0.35
0.25
0.2
0.25
0.05
1.54281e-23
0.15
1.54287e-23
0.05
0.2
0.15
1.54181e-23
0.25
0.05
1.49604e-23
0.15
0.1
0.15
0.25
0.3
0.25
0.4
0.4
0.15
1.51476e-23
0.15
0.35
0.45
0.4
0.25
0.1
0.1
0.1
0.3
0.35
0.3
0.3
0.2
0.25
0.35
1.53012e-23
0.05
0.3
0.35
0.05
0.4
0.3
2.85879e-23
0.4
0.1
0.05
0.05
0.3
1.4858e-23
1.50525e-23
1.5219e-23
0.2
0.25
1.52656e-23
0.25
0.15
0.05
1.54272e-23
0.35
0.4
0.45
0.05
0.3
0.3
0.15
0.2
0.15
0.1
0.35
0.1
0.15
0.25
3.06542e-23
0.3
0.25
0.15
0.35
0.2
0.4
0.1
0.35
0.15
0.15
0.25
0.15
0.25
0.45
0.1
0.4
0.1
0.05
0.25
1.49155e-23
0.4
0.15
0.35
0.05
0.4
0.35
0.2
0.2
0.25
0.05
0.1
0.05
0.3
0.25
0.2
0.05
0.25
0.35
0.05
0.3
0.15
0.05
0.45
0.3
1.54052e-23
0.25
0.05
0.4
0.35
0.15
0.05
0.3
0.1
0.45
0.2
0.4
0.35
1.42846e-23
0.05
0.15
0.15
0.1
0.2
0.45
0.35
0.45
0.25
0.25
0.05
0.25
0.25
1.54277e-23
0.25
0.45
0.2
0.4
0.15
0.4
0.1
1.55e-23
0.2
0.3
0.1
0.45
0.1
0.15
0.4
1.45091e-23
1.48437e-23
0.4
0.15
0.3
0.35
0.05
0.2
0.25
0.3
0.1
0.45
0.45
0.3
0.4
0.35
0.25
0.15
0.4
0.1
0.05
0.45
0.15
0.2
0.15
0.15
0.15
0.05
0.4
0.2
0.2
0.45
0.35
0.1
0.3
0.05
0.4
0.3
0.3
0.35
0.35
0.25
1.52553e-23
0.15
0.1
1.47139e-23
0.05
0.2
0.05
0.15
0.15
0.3
2.17782e-23
0.05
0.45
0.1
0.45
0.1
0.45
0.4
0.25
1.53324e-23
0.3
0.4
0.45
0.35
0.15
0.15
0.3
0.15
0.4
0.05
0.35
1.50874e-23
0.3
0.25
2.01505e-23
0.15
2.95378e-23
0.2
0.45
0.1
0.45
0.15
0.25
0.15
0.05
0.25
0.25
0.15
0.35
0.45
0.2
0.15
0.45
0.4
0.2
0.05
0.1
0.3
0.4
0.35
0.2
1.88541e-23
0.35
0.15
0.25
0.05
0.35
0.3
0.3
0.05
0.3
0.2
0.1
0.05
0.25
0.35
0.45
0.15
0.05
1.54277e-23
0.2
0.35
0.45
0.05
0.3
0.15
0.15
0.1
0.3
0.05
0.2
0.15
0.15
0.25
0.25
0.15
0.4
0.2
0.35
0.1
0.2
0.4
0.4
0.35
0.15
0.25
0.25
1.54276e-23
0.2
0.3
0.25
1.54644e-23
0.3
0.05
1.60186e-23
0.15
0.25
0.15
0.1
0.2
2.65715e-23
0.1
0.15
0.4
1.65469e-23
0.25
0.35
0.05
0.3
0.25
0.4
0.05
0.2
0.25
0.4
0.3
0.25
1.54283e-23
0.25
0.2
1.5478e-23
0.15
0.35
0.4
0.4
0.25
0.2
0.35
0.35
0.05
0.45
0.3
0.25
0.3
1.53974e-23
0.45
0.2
0.45
0.45
0.45
1.54277e-23
0.05
0.15
0.45
0.35
0.4
0.2
0.4
0.45
0.1
0.4
0.35
0.1
0.25
0.4
1.60161e-23
0.3
0.45
0.4
0.35
0.25
0.4
0.25
0.25
0.05
0.1
0.35
0.25
0.4
1.54276e-23
0.15
0.25
0.05
0.4
0.4
0.2
0.15
0.35
0.1
0.15
0.3
0.2
1.56159e-23
0.05
1.56191e-23
0.35
0.1
0.1
0.15
0.1
0.4
0.4
0.1
0.25
0.4
0.35
0.45
0.1
0.05
0.1
0.35
0.1
0.45
0.05
0.25
0.2
0.3
0.05
0.45
0.15
0.1
0.25
0.35
0.3
1.54371e-23
0.15
0.35
0.45
1.54279e-23
0.05
0.25
0.4
0.35
0.3
0.35
0.45
0.2
-0.01
-3.36464e-24
-3.36464e-24
-3.36464e-24
0.1
0.1
0.35
-3.36464e-24
-3.36464e-24
0.05
0.45
0.3
0.15
0.45
0.35
0.1
0.3
0.45
0.05
0.4
0.4
0.1
0.15
0.15
0.15
0.1
0.05
0.25
0.35
-3.36464e-24
0.2
0.15
0.15
0.35
0.35
0.1
0.35
0.45
-3.36451e-24
-3.36449e-24
0.2
0.35
0.05
0.3
0.3
-3.36254e-24
0.45
0.4
0.1
-3.36453e-24
0.1
0.2
0.2
0.1
0.25
0.25
0.2
0.3
0.05
0.2
0.3
0.1
0.4
0.2
0.2
0.15
0.1
0.35
-3.36443e-24
0.25
0.1
0.2
0.15
0.3
0.4
-3.35599e-24
-3.35865e-24
0.35
0.25
-3.36446e-24
0.45
0.35
0.25
-3.36464e-24
0.15
-3.36464e-24
0.15
0.4
0.25
0.4
0.45
0.4
-3.36446e-24
0.45
0.2
0.45
0.15
0.05
0.4
0.35
0.45
0.15
0.15
0.15
0.1
0.2
0.4
0.1
0.15
0.05
0.15
0.45
0.05
0.3
0.15
0.3
0.45
-3.3657e-24
0.25
0.4
-3.36742e-24
0.2
0.05
0.35
0.35
0.45
0.45
0.2
0.35
0.4
0.1
0.2
0.3
-3.53843e-24
0.4
0.2
0.1
0.3
0.15
0.2
0.25
0.35
0.1
0.25
0.2
0.1
0.25
-3.36883e-24
0.05
0.05
0.45
0.25
0.4
0.35
0.1
0.15
0.25
0.35
0.15
0.2
0.3
0.25
0.1
0.4
0.3
0.35
0.2
0.3
0.45
0.25
0.15
0.35
0.25
0.35
0.3
0.1
-3.36427e-24
0.45
0.45
0.2
0.15
0.2
0.25
0.25
0.45
0.1
0.25
0.45
0.3
0.05
0.25
0.05
-3.39636e-24
0.05
0.1
0.05
-3.36489e-24
0.45
0.05
0.15
0.05
0.05
0.35
0.2
0.2
0.2
0.45
0.4
0.25
-3.79127e-24
0.1
0.05
0.45
0.4
0.35
0.4
0.45
0.15
0.45
0.35
0.3
0.05
0.2
0.05
0.4
0.3
0.25
0.2
0.1
0.35
0.15
-3.31595e-24
0.45
0.35
0.3
0.05
0.1
0.45
-4.59639e-24
0.25
0.1
0.4
0.45
0.15
0.4
0.05
0.25
0.45
0.45
0.1
0.1
0.2
0.2
0.25
0.2
0.4
0.05
0.05
-3.32887e-24
0.15
-3.2796e-24
0.05
0.15
0.45
0.05
0.15
0.35
0.25
0.05
0.15
0.2
0.15
0.4
0.15
0.3
0.4
0.25
0.25
0.25
-3.36721e-24
0.45
0.4
-3.36403e-24
0.35
0.25
0.1
0.4
0.3
0.05
0.35
0.25
0.2
0.25
-3.62108e-24
0.25
0.45
0.25
0.3
-4.08365e-24
0.1
0.4
0.25
0.45
0.1
0.05
0.2
0.35
-3.36246e-24
0.3
0.1
0.05
0.35
0.35
0.4
0.45
0.3
0.25
0.2
0.25
0.3
0.4
0.15
0.35
0.35
0.45
0.15
0.25
0.3
0.25
0.4
-3.37194e-24
0.2
0.45
0.1
0.45
0.25
0.15
0.05
0.45
0.05
0.15
0.4
0.4
0.2
0.1
0.2
0.45
0.45
0.2
0.1
0.35
0.25
0.1
-4.59592e-24
0.45
-3.21745e-24
0.1
0.35
0.45
0.25
0.3
0.1
0.25
0.45
0.2
0.25
0.35
0.05
0.15
0.25
0.25
0.35
-3.33766e-24
-3.33495e-24
0.25
0.15
0.3
0.4
0.4
0.4
0.1
0.4
0.35
0.45
0.25
0.15
0.45
0.15
0.35
0.15
0.2
0.15
0.2
0.45
0.15
0.05
0.2
0.35
0.15
-3.34598e-24
0.35
0.1
0.4
0.2
0.15
-3.83065e-24
-6.71497e-24
-9.06538e-24
0.35
0.45
0.3
0.05
0.3
0.25
-3.33588e-24
0.25
-3.33445e-24
0.05
0.1
0.4
0.3
0.1
-3.36465e-24
0.3
0.05
-3.36254e-24
0.4
0.35
0.15
0.35
0.25
0.15
0.15
0.25
-7.25784e-24
0.2
0.2
0.15
0.45
0.45
-3.28946e-24
0.05
0.15
0.35
0.35
0.3
-3.35406e-24
0.45
0.4
0.1
0.05
0.2
0.15
0.05
-3.36144e-24
0.25
0.35
0.2
0.45
0.35
0.15
0.35
0.35
0.4
0.3
0.25
0.35
0.2
0.05
-3.32029e-24
-3.33262e-24
0.1
0.15
0.45
0.45
0.3
0.35
0.2
0.15
0.45
0.15
0.35
0.1
0.05
0.45
0.15
0.45
-3.39184e-24
0.3
0.05
0.4
0.2
0.15
0.1
0.3
0.35
0.3
0.2
0.45
0.2
0.3
0.1
-3.36097e-24
0.3
0.45
0.1
0.45
0.2
0.2
0.4
-3.37517e-24
0.05
0.25
0.05
0.25
0.45
0.4
0.15
0.3
0.3
0.35
0.3
0.45
0.25
0.2
0.3
0.05
0.4
0.45
0.35
0.35
0.45
0.05
0.3
0.05
0.05
0.4
0.45
0.2
0.1
0.1
-3.43745e-24
0.2
0.05
0.45
0.45
0.25
0.25
0.05
0.05
0.45
0.25
0.25
0.45
0.45
0.4
0.1
0.35
0.1
0.25
0.2
0.1
0.15
0.3
0.3
0.35
0.45
0.1
0.2
0.25
0.45
0.1
0.4
0.35
0.4
0.3
0.45
0.1
0.35
0.25
0.3
-3.36546e-24
0.3
0.3
0.45
0.1
0.45
0.45
0.35
-3.36465e-24
0.25
0.05
0.05
0.4
0.35
0.25
0.05
-3.64171e-24
0.05
0.2
0.4
0.3
-5.83622e-24
0.3
0.4
0.45
0.3
0.1
0.35
0.15
-3.36395e-24
0.15
0.25
0.05
0.15
0.1
0.15
0.1
0.05
-3.36515e-24
0.45
0.2
0.4
-3.4287e-24
0.25
0.05
0.25
0.1
-4.8353e-24
0.1
-5.5905e-24
0.35
0.2
0.35
0.25
-3.43526e-24
-3.38571e-24
0.05
0.2
0.4
0.4
0.45
0.15
0.45
0.05
0.45
0.2
0.3
0.45
0.2
0.1
0.25
0.15
0.45
-3.95452e-24
0.15
0.1
-5.00044e-24
0.3
0.4
0.2
0.05
0.2
0.25
0.15
0.4
0.45
0.25
0.45
0.05
0.4
0.15
0.4
0.15
0.1
0.2
0.1
0.35
0.45
0.35
0.1
0.45
0.05
0.15
0.25
0.45
0.25
0.25
0.2
0.4
-3.41429e-24
-3.37517e-24
0.2
0.1
0.3
0.25
0.45
0.2
0.15
0.25
0.25
-3.36464e-24
0.35
0.45
0.35
0.1
0.15
0.4
-3.36268e-24
0.05
0.4
0.35
0.2
-3.30078e-24
0.4
0.45
0.05
0.35
0.25
0.3
0.3
0.1
0.35
0.3
0.25
0.35
0.4
0.25
0.4
0.45
-3.36464e-24
0.2
0.15
0.45
0.35
0.05
0.3
0.2
0.35
0.2
-3.32593e-24
0.4
0.05
0.05
0.05
0.45
0.35
0.35
0.2
0.15
0.25
-3.36436e-24
0.2
0.35
0.45
0.25
0.45
0.2
0.45
0.4
0.05
0.4
0.3
0.35
0.1
0.4
0.1
0.1
0.2
0.2
0.25
-3.35185e-24
0.1
-3.3594e-24
0.4
0.15
0.1
0.1
0.25
0.3
0.1
0.4
0.05
0.35
0.2
-0.01
0.45
0.25
4.07899e-23
4.07899e-23
0.4
4.07899e-23
0.3
0.3
0.35
0.1
0.15
0.4
0.4
0.15
0.05
0.45
0.15
0.35
0.3
0.3
0.2
0.4
0.35
0.25
0.15
0.4
0.3
0.25
0.1
0.25
0.45
0.4
0.3
0.1
0.45
0.1
0.35
0.1
0.15
0.45
0.45
0.25
0.1
0.05
0.1
0.15
0.15
0.2
4.07935e-23
0.4
0.15
4.07902e-23
0.1
4.07899e-23
0.35
0.45
0.2
0.45
4.07899e-23
0.25
0.05
0.45
0.45
0.25
0.35
0.4
0.2
0.4
0.05
0.3
0.45
0.2
0.4
4.09737e-23
0.35
4.09492e-23
0.4
4.08049e-23
0.2
0.1
0.35
0.45
0.3
0.05
0.35
0.2
4.079e-23
0.3
0.15
0.25
0.2
0.15
4.07708e-23
0.35
0.4
0.1
0.2
0.45
0.35
0.05
0.35
0.3
0.45
0.05
4.10737e-23
0.35
4.08347e-23
0.05
0.3
0.05
0.1
0.4
0.3
0.2
0.25
0.2
0.15
0.2
0.4
0.1
0.4
0.3
0.05
4.16219e-23
4.40498e-23
0.3
0.15
0.1
0.15
0.05
0.05
0.15
4.26466e-23
0.2
4.11338e-23
0.15
0.4
0.05
0.45
0.25
0.2
0.1
0.1
0.05
0.3
0.2
0.2
0.3
0.1
0.05
0.1
0.15
0.35
0.35
0.05
0.25
0.4
5.88572e-23
0.45
0.4
0.25
0.05
0.15
0.45
0.4
0.4
0.2
0.3
0.05
0.15
0.2
0.45
0.05
0.15
0.15
0.25
0.2
0.15
0.35
0.2
0.35
0.15
6.93557e-23
7.26553e-23
0.45
6.09059e-23
0.45
0.1
0.15
0.1
0.4
0.05
0.35
0.05
0.35
0.05
0.15
0.35
0.05
0.25
0.3
0.35
0.35
0.1
0.1
0.1
0.15
0.35
0.2
0.3
0.1
7.37774e-23
0.15
0.05
0.35
0.45
0.45
4.15172e-23
0.35
0.2
0.15
0.2
0.2
0.4
0.15
0.1
0.05
4.06598e-23
4.04881e-23
0.45
0.35
0.15
0.45
0.1
0.35
0.25
0.4
0.35
0.3
0.35
0.1
0.15
0.25
0.25
0.4
0.45
0.15
0.15
0.25
0.4
0.35
0.2
0.2
0.1
0.35
0.4
0.1
0.45
0.35
0.35
0.2
0.25
0.3
0.45
0.25
0.3
0.15
0.25
0.45
0.3
0.25
0.35
0.15
0.05
0.1
0.25
0.05
0.1
0.4
0.2
0.1
4.07696e-23
0.3
0.25
0.25
0.25
0.15
0.15
0.05
0.1
0.25
0.4
0.45
6.05222e-23
0.45
0.4
0.1
0.15
0.05
0.35
0.25
0.45
0.3
0.4
4.11319e-23
0.4
0.1
0.45
0.05
0.1
0.35
0.05
0.15
0.2
0.2
0.3
0.05
0.05
0.1
0.2
0.1
0.05
0.4
0.3
0.1
0.2
3.84777e-23
0.45
0.15
0.15
0.35
0.35
0.05
0.1
0.35
0.05
0.3
0.1
4.07084e-23
0.05
0.4
0.15
0.1
0.35
0.3
0.4
0.35
4.51098e-23
0.45
0.35
0.2
0.05
0.1
0.1
0.25
0.15
0.2
0.35
0.45
0.15
0.05
0.2
0.4
4.07725e-23
4.07915e-23
0.1
0.45
4.07032e-23
0.3
0.1
0.15
0.2
0.35
0.35
0.35
0.25
0.1
0.2
1.09547e-22
0.2
0.45
0.05
0.25
0.25
0.4
0.25
4.05203e-23
4.04986e-23
0.05
0.2
0.2
0.3
0.2
0.3
0.1
0.15
0.2
0.05
4.08448e-23
0.45
0.1
0.1
0.25
0.05
0.45
8.34098e-23
0.05
8.19825e-23
0.3
0.05
0.35
0.3
0.25
0.1
0.35
0.3
4.064e-23
0.05
0.25
0.45
0.2
0.2
4.07905e-23
0.25
0.05
0.3
0.25
0.05
0.2
0.05
4.55062e-23
0.05
0.1
0.15
0.35
0.4
0.3
0.05
0.1
0.15
0.1
0.1
0.1
0.25
0.15
0.3
4.07586e-23
0.05
0.05
0.1
0.15
0.35
0.4
0.45
0.45
0.45
0.3
0.1
0.2
0.45
0.25
0.1
1.00865e-22
6.624e-23
0.15
0.45
0.05
0.1
0.05
0.3
0.1
0.35
0.15
0.25
0.1
0.25
0.45
0.05
0.15
0.25
0.4
0.05
0.4
0.25
0.45
4.15985e-23
0.45
0.15
0.2
0.15
0.05
6.24414e-23
0.15
0.1
0.35
0.35
0.2
0.25
0.35
0.35
0.05
0.3
0.2
4.07847e-23
0.3
0.15
0.05
0.05
0.35
0.3
0.25
4.11073e-23
0.45
0.3
4.4466e-23
0.4
0.25
0.45
0.05
6.12806e-23
0.2
0.3
4.16686e-23
0.25
0.05
0.35
0.25
0.15
0.15
0.25
0.3
4.08031e-23
4.079e-23
0.25
0.2
0.05
0.45
0.4
0.4
0.05
0.45
0.2
4.66898e-23
0.25
0.3
0.2
0.3
0.25
0.05
0.2
4.16969e-23
0.35
0.3
0.45
0.1
4.06825e-23
4.07117e-23
0.35
0.2
0.35
0.25
0.45
0.4
0.15
0.2
0.2
0.35
0.4
0.4
0.3
0.35
0.35
0.25
0.35
0.4
0.4
0.2
0.05
0.4
0.05
0.1
0.45
4.07095e-23
0.15
0.35
0.2
0.35
4.07907e-23
0.4
0.35
0.3
0.4
0.15
0.35
0.25
0.05
0.2
0.45
0.35
0.05
0.3
0.45
0.2
0.45
0.15
0.4
4.18514e-23
0.4
4.07817e-23
0.45
4.07653e-23
0.15
0.35
0.2
0.05
0.2
4.07901e-23
0.05
0.4
0.4
4.07983e-23
0.05
0.05
0.25
0.45
0.45
0.15
0.15
0.15
0.4
0.4
0.25
0.3
0.05
0.4
4.12269e-23
0.3
0.45
0.3
0.25
0.35
0.05
0.45
0.05
0.25
0.45
0.1
0.35
0.35
0.3
0.25
0.05
0.15
0.05
4.98333e-23
0.25
0.2
0.4
0.25
0.1
0.1
0.3
0.45
0.25
0.05
0.25
0.35
0.2
0.05
0.45
0.1
0.1
0.2
0.45
0.35
4.07872e-23
4.07504e-23
0.2
0.15
0.1
0.45
4.14111e-23
0.4
0.4
0.35
0.1
0.4
0.1
0.05
0.25
0.1
0.25
0.1
0.25
0.3
0.25
0.05
0.25
0.2
0.25
0.25
0.1
0.3
0.4
0.35
0.3
0.05
0.05
0.3
0.15
0.4
0.15
0.25
0.15
0.3
0.2
4.03646e-23
4.08003e-23
0.25
0.15
4.08294e-23
0.1
0.2
0.3
0.05
0.2
0.05
0.45
4.07899e-23
0.1
0.15
0.3
0.3
0.15
0.15
0.25
0.4
0.15
0.25
0.25
3.95575e-23
3.93341e-23
0.35
0.15
0.35
0.05
0.05
0.3
0.25
0.15
0.25
4.07896e-23
0.4
0.1
0.25
0.4
0.15
0.35
0.25
0.1
0.1
0.25
0.3
0.15
0.1
0.25
0.3
0.25
0.3
0.2
0.35
0.15
0.25
0.1
0.05
0.15
0.05
0.3
0.05
0.45
0.05
0.35
0.05
0.45
0.009
0.25
0.25
0.05
0.15
0.05
0.05
0.2
0.05
-3.89761e-24
0.4
0.25
-3.89761e-24
0.4
0.45
0.35
0.3
-3.89761e-24
-3.89761e-24
0.3
0.15
0.25
0.05
0.25
0.4
0.3
0.05
0.3
0.25
0.25
0.25
0.05
-3.89761e-24
0.45
0.15
-3.89761e-24
0.2
0.4
-3.89732e-24
0.2
0.45
0.25
0.05
0.15
0.45
0.35
0.1
0.35
0.3
0.2
0.1
0.45
0.35
0.05
0.25
0.35
0.35
0.35
0.4
0.05
0.35
0.35
0.25
0.35
0.3
0.1
0.4
0.15
0.1
0.3
0.35
0.15
0.1
0.4
0.05
0.45
0.4
0.4
0.15
0.4
0.15
0.25
-3.89761e-24
0.1
0.1
0.4
0.45
0.2
0.35
0.15
0.05
0.35
0.25
0.45
-3.89453e-24
0.35
0.15
-3.8726e-24
0.45
0.45
0.3
0.35
0.15
0.1
0.1
0.35
0.15
0.05
0.35
0.4
0.15
0.45
0.2
-3.89761e-24
0.2
0.3
0.3
0.4
0.05
0.4
0.35
0.4
0.2
0.15
0.45
0.3
0.3
0.05
0.1
0.2
0.25
0.45
0.05
0.35
0.15
0.3
0.45
0.45
0.35
0.4
-3.89762e-24
0.25
0.45
0.05
0.45
0.35
0.2
0.15
-3.89138e-24
0.4
-3.8919e-24
0.1
0.25
-4.28353e-24
0.25
-5.62881e-24
0.35
0.2
0.45
0.4
0.45
0.3
0.35
0.35
0.45
0.25
0.3
0.2
0.2
0.05
0.25
0.3
0.05
0.45
0.25
0.05
0.1
0.45
0.25
0.25
0.05
0.45
0.15
0.35
0.35
0.45
0.1
0.35
0.35
0.05
0.2
0.3
0.45
0.45
0.3
0.1
0.45
0.3
0.05
0.05
-3.89425e-24
0.25
0.3
0.1
0.1
-3.83005e-24
0.25
0.2
-3.93022e-24
0.3
0.45
0.25
0.05
0.15
0.15
0.2
0.3
0.3
0.25
0.15
0.35
0.35
0.15
-3.88096e-24
0.45
0.35
0.05
0.4
0.05
0.1
0.4
0.15
0.4
-3.85745e-24
0.05
0.05
0.45
0.2
0.35
0.45
-7.8775e-24
-7.40614e-24
-5.69855e-24
0.3
0.15
0.25
0.15
0.2
0.15
0.15
0.45
0.25
0.25
0.2
0.25
0.35
0.35
0.45
0.25
-3.86368e-24
0.1
0.4
0.35
0.25
0.2
0.1
0.1
0.3
0.2
0.15
0.1
0.05
0.45
0.15
0.05
0.05
0.35
0.45
-3.77325e-24
0.2
0.2
0.2
0.3
0.05
0.35
0.25
0.3
-3.88495e-24
-3.94062e-24
0.05
0.4
0.2
0.15
0.1
0.3
0.4
0.15
0.05
0.35
0.2
0.25
0.35
0.1
0.1
0.1
0.35
0.4
0.35
0.2
0.05
0.45
0.05
0.1
0.05
0.1
0.1
0.25
0.15
-4.1265e-24
0.3
0.05
0.15
0.1
0.45
0.3
0.1
0.2
0.25
0.35
0.35
0.2
0.2
-3.78239e-24
0.45
0.45
0.45
0.35
-3.89741e-24
0.05
0.4
0.15
0.45
0.05
0.3
0.2
0.3
0.45
0.4
0.05
0.4
0.2
0.3
-9.55141e-24
0.2
0.3
-4.07177e-24
0.2
0.2
0.2
0.45
0.4
0.3
0.45
0.45
0.2
0.25
0.1
0.05
0.2
0.3
0.45
0.05
0.2
0.15
0.25
0.05
0.4
0.2
0.2
0.45
0.25
0.15
0.3
0.05
0.4
0.45
0.4
0.2
0.1
0.4
0.3
0.35
0.3
0.45
0.35
-3.89678e-24
0.1
0.45
0.3
0.05
0.3
0.25
0.2
0.15
0.2
0.35
0.35
0.05
0.05
0.3
-4.15828e-24
-3.9253e-24
0.2
0.1
0.15
0.15
0.2
0.1
0.3
0.3
0.1
0.05
-3.89759e-24
0.1
0.2
0.2
0.45
0.45
0.15
0.35
0.05
-4.05093e-24
0.1
0.35
0.05
0.1
0.05
0.1
0.15
0.1
0.1
0.2
0.2
-3.88157e-24
0.05
0.05
0.05
0.15
0.3
0.4
0.25
0.1
0.1
0.25
-3.85486e-24
0.15
-3.91907e-24
0.2
0.45
0.45
0.15
0.15
0.15
0.35
0.25
0.15
0.4
0.3
0.4
-3.84821e-24
0.3
0.4
0.15
0.05
0.45
0.15
0.4
0.4
-3.89759e-24
0.35
0.25
0.25
0.25
0.05
0.1
0.15
0.15
0.3
0.1
0.2
0.05
0.1
0.2
0.15
-3.76221e-24
0.45
0.45
0.35
0.45
0.3
0.2
0.1
0.4
0.4
0.2
0.05
0.2
0.35
-3.897e-24
0.05
0.35
0.35
0.15
0.05
0.15
0.45
0.3
-6.46425e-24
0.25
0.3
0.25
-4.16346e-24
0.3
0.3
0.25
0.15
-3.8706e-24
0.35
0.4
0.05
0.05
0.05
0.2
0.05
0.15
0.25
-3.89736e-24
-3.88893e-24
0.1
0.05
-3.60729e-24
0.45
-3.70987e-24
0.4
0.25
0.3
0.05
0.2
0.35
-4.26668e-24
0.4
0.05
0.1
0.4
-3.88338e-24
0.25
0.15
0.15
0.05
0.35
0.2
0.25
0.4
0.45
0.3
0.05
0.4
0.45
0.2
0.4
0.2
0.15
0.4
0.4
0.35
0.45
0.1
0.1
0.25
0.45
0.2
0.15
0.05
0.25
0.45
0.4
0.45
0.05
0.25
0.15
0.25
0.1
0.35
0.15
-3.87946e-24
0.3
-3.72452e-24
0.4
0.15
0.45
0.15
0.15
0.05
0.1
0.15
0.45
0.45
0.1
0.1
0.25
0.3
0.05
-3.89566e-24
0.25
0.45
0.15
0.05
0.4
0.1
0.15
0.45
0.3
0.4
-3.86231e-24
0.45
0.4
0.1
0.05
0.1
0.4
0.15
0.25
-5.68778e-24
0.25
0.25
0.05
0.05
0.4
0.2
0.15
0.1
0.35
0.1
0.45
0.4
-3.89761e-24
0.4
0.4
0.45
0.05
0.4
0.1
0.45
0.1
-4.27477e-24
0.25
0.45
0.35
0.05
0.4
0.2
0.15
-4.33616e-24
0.25
0.25
0.45
-3.90304e-24
0.45
0.45
-3.89889e-24
0.2
0.25
0.3
0.35
0.35
0.1
0.1
0.35
0.3
0.1
0.05
0.4
0.1
0.15
0.15
0.05
0.15
0.4
0.1
0.3
0.35
0.2
-3.97027e-24
0.4
-3.90413e-24
-3.89818e-24
0.1
0.35
0.25
0.25
0.3
0.35
0.3
0.1
0.45
0.15
0.2
0.3
0.4
0.05
0.05
0.2
0.15
0.45
0.4
0.1
0.25
0.25
0.2
0.1
0.05
0.3
0.3
0.4
0.35
0.05
0.1
0.15
-3.89761e-24
0.2
-3.89761e-24
0.4
0.3
0.25
-3.89775e-24
0.15
0.4
0.1
0.15
0.25
-3.83137e-24
0.4
0.3
0.3
0.1
0.35
-3.93008e-24
0.2
0.05
0.2
0.2
0.45
0.4
0.25
0.4
0.25
0.2
0.05
0.4
0.25
0.1
0.05
0.05
0.25
0.1
0.45
0.45
0.15
0.15
0.45
0.3
0.3
0.45
0.35
0.2
0.35
0.45
-3.89769e-24
0.4
0.3
0.15
0.45
0.35
0.4
0.2
-0.001
0.05
0.3
0.2
0.3
0.2
0.45
0.1
0.1
0.35
0.1
0.15
0.4
0.25
0.35
0.35
0.2
-2.71528e-24
0.05
0.2
-2.71528e-24
0.1
0.25
0.15
0.3
0.3
0.35
0.45
0.05
0.45
0.45
0.05
0.3
-2.71528e-24
0.25
0.05
0.15
0.05
0.45
0.25
0.05
0.4
0.4
0.05
0.1
0.2
0.3
0.35
0.15
0.2
0.15
-2.71528e-24
0.25
0.15
0.35
0.25
0.05
0.1
0.2
0.35
-2.71528e-24
0.35
0.45
0.05
0.4
-2.71503e-24
0.35
0.25
0.4
0.05
0.35
0.3
0.35
0.05
0.05
0.45
0.1
0.05
0.35
0.45
0.1
0.1
0.25
0.25
0.3
0.25
0.1
0.35
0.15
0.1
0.35
0.1
0.25
0.35
-2.71448e-24
-2.71426e-24
0.35
0.35
0.2
0.35
0.1
0.1
0.2
0.15
0.25
0.4
0.05
0.05
0.4
-2.71525e-24
0.45
-2.71528e-24
0.45
0.2
0.3
0.35
0.05
0.1
0.05
0.25
0.45
0.1
0.3
0.45
0.4
0.35
0.15
0.25
0.15
0.25
0.05
-2.91937e-24
0.35
0.25
-2.7575e-24
0.15
0.05
0.45
0.35
0.2
-2.71528e-24
0.4
0.4
0.45
0.05
0.2
0.35
0.05
0.15
0.4
0.05
0.4
0.15
-3.38529e-24
-4.02519e-24
0.35
0.45
0.25
0.25
0.4
0.25
0.35
-2.78895e-24
0.45
0.1
0.2
0.2
0.4
-2.7152e-24
0.15
0.1
0.05
0.4
0.05
0.25
0.3
0.1
0.2
0.4
-2.71218e-24
0.4
0.15
0.4
0.45
0.1
0.4
0.05
0.2
0.3
0.1
0.2
0.05
0.35
0.05
0.1
0.2
0.35
0.4
0.15
0.45
0.1
-2.71317e-24
0.3
0.2
0.1
0.05
0.4
-2.61673e-24
0.1
0.3
0.2
0.1
0.15
0.1
0.45
0.1
0.45
0.4
0.2
0.4
0.45
0.35
0.4
0.15
0.35
0.15
0.2
0.45
0.35
0.45
0.3
0.15
0.15
0.15
0.05
0.3
-2.58548e-24
0.05
0.05
0.25
0.25
0.4
0.4
0.1
0.05
-2.69517e-24
-2.67767e-24
0.2
0.4
0.2
0.4
0.1
0.1
0.4
0.2
0.45
0.35
0.3
0.05
0.4
0.3
0.05
0.4
0.3
0.45
0.1
0.2
0.05
0.2
0.25
0.15
0.3
0.35
0.4
0.45
0.45
0.4
0.4
0.15
0.3
0.35
0.05
0.3
0.35
0.45
0.05
0.1
0.25
0.25
0.1
0.3
0.35
0.4
0.15
0.25
0.25
0.4
0.45
0.15
-2.70518e-24
0.3
0.25
0.35
0.1
0.3
0.2
0.25
0.2
0.1
-2.71513e-24
0.05
0.4
0.4
-2.70861e-24
0.25
0.3
0.15
-2.67999e-24
0.25
0.2
0.25
0.05
0.05
-6.59919e-24
0.45
0.45
0.1
0.45
0.4
0.25
0.25
0.1
0.45
0.4
0.25
0.15
0.4
-2.71527e-24
0.2
0.05
0.05
0.3
0.05
0.45
0.15
0.45
0.4
0.25
0.1
0.4
-4.77454e-24
0.35
0.15
0.2
0.35
0.35
0.25
0.2
0.45
-2.7077e-24
0.15
0.2
0.4
0.2
0.35
0.3
0.05
0.2
0.25
0.35
0.3
0.4
0.25
0.25
0.3
0.4
0.15
-2.93171e-24
0.05
-7.37514e-24
0.25
-3.07272e-24
0.3
0.4
0.2
0.4
0.15
0.3
0.4
-2.70875e-24
0.05
0.1
0.15
0.2
0.3
0.4
-2.7151e-24
0.15
-2.70804e-24
0.15
0.35
0.2
0.05
0.3
0.45
0.15
0.25
0.15
0.2
0.1
0.15
0.15
0.15
0.1
0.2
0.45
0.25
0.1
0.1
0.25
0.2
0.45
0.1
0.25
0.25
0.15
0.15
-2.70748e-24
0.2
0.3
0.3
0.45
0.45
0.35
0.3
0.3
0.1
-2.70588e-24
0.2
0.05
0.25
0.25
0.4
0.3
0.3
0.3
0.45
0.35
0.2
0.45
-2.71529e-24
0.35
0.1
0.4
0.45
0.4
0.45
-2.70406e-24
0.05
0.4
0.45
0.45
0.3
0.15
0.25
0.4
0.4
0.35
0.3
0.25
0.25
0.4
-2.70972e-24
0.45
0.2
0.45
0.4
0.1
0.4
-2.71523e-24
0.1
0.1
0.25
0.35
0.3
0.45
0.15
0.15
-2.98572e-24
0.1
0.35
0.4
0.25
0.45
0.35
0.2
0.15
0.2
0.45
0.15
0.1
0.4
0.35
0.25
-2.71509e-24
0.4
0.1
0.4
0.2
0.05
0.3
-2.68282e-24
0.15
0.4
0.25
-2.81385e-24
-3.15753e-24
0.4
0.15
-6.02777e-24
0.45
0.45
0.3
-2.62817e-24
0.4
-2.69443e-24
0.1
0.3
0.35
0.25
0.3
0.45
0.1
0.4
0.1
0.15
0.05
0.05
0.45
0.25
0.35
0.15
0.35
0.05
0.45
0.4
0.2
0.4
0.2
0.4
0.3
0.2
0.1
0.45
0.2
0.15
0.15
-2.71166e-24
0.3
0.15
0.05
0.05
0.35
0.35
0.2
0.35
0.45
0.4
0.45
0.45
0.2
0.4
0.45
0.1
0.2
0.2
0.3
0.35
0.35
0.3
0.2
0.3
-2.71093e-24
0.05
0.35
0.1
0.3
0.1
0.1
0.2
0.1
0.3
0.05
0.3
0.4
0.3
-2.7198e-24
0.05
0.25
0.45
0.05
0.2
0.1
-5.14015e-24
0.05
0.25
0.1
0.15
-2.72129e-24
0.35
0.1
0.3
-2.71379e-24
0.45
-2.71463e-24
0.1
0.05
0.35
0.3
0.1
0.3
-2.71569e-24
0.05
0.3
0.25
0.05
0.35
0.15
0.1
0.25
0.3
0.2
0.25
0.1
0.05
0.3
0.35
0.45
0.4
0.35
0.1
0.4
0.2
0.4
0.1
0.45
0.05
0.4
0.3
0.15
0.4
0.25
0.25
0.15
0.25
0.4
0.2
0.35
0.3
0.2
0.45
0.35
0.1
0.1
0.2
0.05
0.15
0.45
0.35
0.1
0.25
0.45
0.4
0.1
0.1
0.3
0.3
0.2
0.4
0.25
0.05
0.1
-2.76199e-24
0.1
0.3
0.25
0.25
0.3
0.3
-2.90713e-24
0.2
0.1
0.05
-2.71665e-24
0.2
0.4
-2.71535e-24
0.4
0.2
0.45
0.45
0.1
0.2
0.4
0.05
0.2
0.15
0.05
0.15
-2.69663e-24
0.1
-2.65111e-24
0.1
0.2
0.2
0.25
0.3
-2.69578e-24
0.25
0.35
0.2
-2.71573e-24
0.45
0.35
0.45
0.3
0.3
0.45
0.3
0.05
0.25
0.1
0.15
0.35
0.1
0.2
0.2
0.05
-2.6929e-24
0.05
0.15
0.25
0.4
0.4
0.1
0.05
0.05
0.3
0.25
0.35
0.05
0.3
-2.7153e-24
0.25
0.3
0.4
0.2
0.25
0.45
0.45
0.3
-2.71528e-24
-2.71527e-24
0.35
0.15
0.15
0.3
0.25
0.15
0.45
0.4
0.4
0.05
0.25
0.25
0.3
0.25
0.1
0.05
0.25
0.1
0.2
0.2
0.25
0.25
-0.006
0.2
-1.77214e-24
0.2
0.1
0.3
0.1
0.1
0.1
0.45
0.05
0.05
-1.77214e-24
0.25
0.25
0.2
0.2
0.1
0.15
0.4
0.4
0.2
0.4
0.25
0.45
-1.77214e-24
0.35
0.05
0.05
0.15
0.3
-1.77214e-24
0.1
0.35
0.45
0.15
0.35
0.15
-1.77158e-24
0.4
0.3
0.1
0.35
0.3
0.4
0.15
0.3
0.15
0.2
0.05
0.05
0.05
-1.77214e-24
0.3
0.3
0.3
0.3
0.4
0.1
0.1
0.25
0.2
0.4
0.35
0.25
0.45
0.3
0.25
0.2
0.2
0.45
0.3
0.2
0.4
0.35
-1.76005e-24
0.15
0.25
0.3
-1.77188e-24
0.2
0.45
-1.77214e-24
0.35
0.05
0.35
0.45
0.05
0.1
0.2
0.3
0.3
0.4
0.45
0.4
0.15
0.45
0.2
0.1
0.2
0.2
0.05
0.15
0.35
0.2
0.25
0.25
0.25
0.45
0.3
0.4
0.3
0.2
0.25
0.25
0.3
0.45
0.3
0.3
0.1
0.1
0.15
0.3
0.15
0.4
0.15
0.4
0.2
0.2
0.2
0.15
-1.99584e-24
0.25
0.2
0.05
0.25
0.25
-1.77404e-24
0.35
0.35
0.2
0.45
0.15
0.25
0.4
0.45
0.3
0.45
0.1
-1.76454e-24
-1.77312e-24
0.1
0.3
-2.06062e-24
0.45
0.45
0.3
-2.87766e-24
0.25
-2.26832e-24
0.1
0.1
0.2
0.45
0.45
-1.78064e-24
0.1
0.25
0.45
0.05
0.45
0.2
0.25
0.35
-1.77093e-24
0.45
0.35
0.05
0.1
0.25
-1.85164e-24
0.1
0.35
0.45
-3.30082e-24
0.3
0.15
0.3
-2.02338e-24
0.45
0.2
0.4
0.1
0.4
0.1
0.2
0.35
0.15
0.35
0.15
-1.77096e-24
0.45
0.25
0.2
0.35
0.4
0.25
0.15
0.3
0.3
-2.24601e-24
-2.8481e-24
-3.35739e-24
0.05
0.25
-2.10708e-24
0.3
0.45
0.45
0.1
0.05
0.15
0.3
-1.77655e-24
0.15
0.45
0.15
0.25
0.35
0.3
-1.742e-24
0.3
0.1
0.25
0.4
0.25
0.4
0.25
0.05
0.25
0.45
0.15
0.3
0.45
0.25
0.3
0.3
0.05
0.4
0.05
0.3
0.2
0.25
0.05
0.25
0.1
0.05
0.35
0.45
0.3
0.1
0.35
0.05
0.3
-1.63583e-24
0.4
0.35
-3.22721e-24
-3.73801e-24
0.3
-2.16012e-24
0.3
0.4
0.3
0.15
0.3
0.15
0.1
0.1
0.3
0.4
0.15
0.2
0.15
0.3
-1.75658e-24
0.35
0.2
0.3
0.4
0.25
0.05
-1.75168e-24
0.1
0.35
0.15
0.25
0.05
0.45
0.4
0.2
-1.80851e-24
0.25
0.25
-1.84982e-24
0.1
0.1
0.15
0.1
0.05
0.05
0.3
0.2
0.35
0.45
0.45
0.45
0.45
0.1
0.2
0.35
0.45
0.4
0.4
0.05
0.4
0.25
-1.61964e-24
0.05
0.25
-1.81338e-24
0.05
0.1
0.25
0.15
0.1
0.45
0.05
0.4
0.4
0.35
0.2
0.25
-1.74753e-24
0.3
0.3
0.4
0.35
0.4
0.35
0.4
0.45
-4.16406e-24
0.35
0.45
0.15
0.2
-1.74522e-24
-1.76829e-24
0.45
0.4
0.25
0.05
0.4
0.3
0.3
0.3
-1.76953e-24
0.35
-1.76084e-24
0.05
0.3
0.3
0.05
0.2
-1.94768e-24
0.3
0.15
0.4
0.45
-3.94771e-24
0.4
0.05
0.05
0.25
0.3
0.3
0.4
0.35
0.2
0.45
0.35
0.1
0.25
0.25
0.45
-1.77171e-24
-1.76593e-24
0.05
0.35
0.1
0.45
0.15
0.05
0.05
0.1
0.2
0.35
0.1
0.05
0.1
0.45
0.15
0.35
-1.74363e-24
0.25
0.25
-1.76028e-24
0.45
0.2
0.1
0.1
0.2
0.2
-1.77188e-24
0.4
-1.76985e-24
0.2
0.15
-1.7848e-24
0.4
0.4
0.45
0.45
0.35
0.4
0.2
0.1
0.1
0.15
0.15
0.45
0.35
0.45
0.25
0.4
0.2
0.45
0.3
0.2
0.2
0.05
0.4
0.35
0.15
0.25
-1.73711e-24
0.45
0.1
0.15
-1.8027e-24
0.45
0.3
0.45
0.15
0.45
-1.65442e-24
0.25
0.2
0.1
0.45
0.3
0.1
0.45
0.35
0.25
0.05
0.25
0.2
0.3
0.35
0.4
0.2
0.3
-1.75883e-24
0.05
0.45
0.2
0.1
0.25
0.3
0.4
0.15
0.25
-1.7387e-24
0.2
0.4
0.15
0.2
0.25
0.3
0.3
0.1
0.3
0.05
0.4
0.3
-1.77207e-24
0.25
0.05
0.4
0.4
0.3
0.15
0.05
0.4
0.45
0.25
0.25
0.45
0.15
0.25
0.15
0.2
0.4
0.15
0.4
0.05
0.3
0.2
-1.76634e-24
0.1
0.1
0.4
0.15
0.45
0.1
0.2
0.25
0.1
0.05
0.35
0.2
0.25
0.15
-3.05013e-24
0.15
0.35
-2.43595e-24
0.4
0.05
0.4
0.3
0.1
0.15
0.15
0.45
-1.76206e-24
0.05
0.2
0.05
-1.77214e-24
0.15
0.2
0.1
0.35
0.2
0.35
0.1
0.3
0.15
0.4
0.1
0.05
0.25
0.15
0.35
0.4
0.35
0.35
-1.77479e-24
0.05
0.3
0.15
0.35
0.45
0.15
0.3
0.35
0.05
0.4
0.25
0.4
-1.77333e-24
0.25
0.3
0.2
0.15
0.4
0.3
0.45
-2.9539e-24
0.35
-2.94794e-24
0.2
0.25
-1.88118e-24
0.25
0.4
0.3
-1.76578e-24
0.45
-1.76946e-24
0.45
0.4
0.15
0.3
0.05
0.1
0.4
0.35
0.35
0.35
0.2
0.35
0.4
0.15
0.35
0.35
0.35
0.3
0.1
0.05
0.35
0.45
0.05
0.45
0.3
0.1
0.05
0.2
0.15
0.1
0.1
0.25
0.05
0.4
0.2
0.2
0.45
0.05
0.15
0.35
0.25
0.35
0.3
0.2
0.35
0.2
0.45
0.3
0.15
-1.87763e-24
-1.78878e-24
0.15
0.4
0.25
0.05
0.1
0.2
0.35
0.2
-1.77214e-24
0.1
0.15
-1.77208e-24
0.3
0.1
0.45
0.35
0.05
0.35
-1.83274e-24
0.45
0.45
0.2
0.45
0.45
0.4
0.3
-1.7828e-24
0.05
0.4
0.15
0.05
0.2
0.45
0.15
0.15
0.4
0.05
0.1
0.45
0.05
0.05
0.05
0.2
0.2
0.05
0.4
0.45
0.2
0.45
-1.66985e-24
0.45
0.1
0.05
0.45
0.25
0.25
0.4
-1.77003e-24
0.35
0.05
-1.77225e-24
0.25
0.4
0.05
0.05
0.15
0.45
0.35
0.05
0.45
0.2
0.3
0.1
0.15
0.4
0.2
0.1
0.2
0.35
0.3
0.4
0.25
0.25
0.2
0.3
0.25
0.05
0.4
-1.77211e-24
0.3
0.2
0.05
0.15
0.35
0.1
0.1
-1.77214e-24
0.4
0.05
0.25
0.3
0.4
0.3
0.35
0.15
0.2
0.1
-1.75942e-24
0.35
0.05
0.4
0.05
0.35
0.15
0.05
0.2
0.1
0.4
0.1
0.4
0.2
0.001
0.4
0.45
0.1
0.4
0.35
0.2
0.3
0.25
0.1
0.3
0.2
0.2
0.15
0.2
0.2
0.3
0.35
0.2
0.25
0.2
0.25
0.15
0.05
0.25
0.1
0.4
0.25
0.45
0.25
0.05
0.05
0.4
0.2
0.05
0.3
0.15
0.45
3.16954e-24
0.3
0.4
0.25
0.25
3.16998e-24
0.4
0.15
0.35
0.45
0.4
0.05
0.4
0.35
0.1
0.4
0.45
0.1
0.45
0.4
0.25
0.1
0.15
0.45
0.25
0.45
0.25
0.35
0.45
0.4
0.45
0.05
0.2
0.1
0.4
0.35
3.17102e-24
0.1
0.25
0.2
0.15
3.16971e-24
0.25
3.16961e-24
0.1
0.15
0.3
0.25
0.45
3.16962e-24
0.4
0.2
0.35
0.4
0.45
0.4
0.4
0.4
0.05
0.25
0.25
0.4
0.2
0.1
0.15
0.2
0.1
0.2
0.05
0.35
0.15
0.4
0.45
0.4
0.25
0.15
0.1
0.35
0.35
0.25
0.2
0.45
0.3
0.45
0.45
0.15
0.4
0.3
0.15
3.9819e-24
0.05
0.1
0.45
0.3
0.35
0.05
0.4
0.05
0.35
0.1
0.3
0.15
0.15
0.2
0.35
0.45
0.3
0.05
0.35
0.35
0.1
0.05
0.3
0.1
3.27221e-24
0.25
0.05
0.05
0.05
0.35
0.3
3.92173e-24
3.56046e-24
0.05
3.22747e-24
0.35
0.25
3.17218e-24
0.25
0.15
0.4
0.3
0.15
0.3
0.25
0.45
0.1
0.05
0.45
0.25
0.05
0.3
3.27924e-24
0.15
4.20561e-24
0.1
0.1
0.1
0.05
0.3
0.25
0.25
0.1
0.35
0.35
0.35
3.17372e-24
0.35
0.45
0.4
0.35
0.1
0.05
0.05
3.17091e-24
0.25
0.35
0.1
0.1
0.2
3.23384e-24
0.15
0.15
0.4
0.35
0.2
0.4
0.2
0.05
0.15
0.3
0.1
0.45
0.1
0.4
0.3
0.15
0.2
0.4
0.2
3.17029e-24
0.45
0.4
0.45
0.45
3.15851e-24
0.35
3.1465e-24
0.2
0.45
0.35
0.25
0.2
0.05
0.4
0.05
0.4
0.45
0.1
0.25
0.1
0.15
0.2
0.25
0.4
0.4
0.3
0.4
0.05
0.05
0.15
0.35
0.4
0.1
3.12615e-24
0.25
0.3
0.3
0.4
0.45
0.25
0.4
0.05
0.2
0.3
0.25
0.2
3.19747e-24
0.4
0.2
0.4
3.17266e-24
0.2
0.3
0.2
0.05
0.1
0.35
0.4
0.4
0.45
0.35
0.25
3.09986e-24
0.1
0.1
0.45
0.25
0.15
0.25
0.2
0.45
0.3
0.2
0.3
0.05
0.05
0.15
0.45
0.3
0.1
0.2
0.3
0.3
0.2
0.25
0.1
0.1
0.1
0.05
0.05
0.45
3.17509e-24
0.4
4.6168e-24
0.25
0.1
0.25
3.42831e-24
0.2
0.2
0.25
0.15
3.18707e-24
0.45
0.3
3.18012e-24
0.25
0.2
0.05
0.3
0.25
0.15
3.17087e-24
0.45
0.4
0.1
0.15
0.35
0.2
0.15
0.3
0.3
0.4
7.10676e-24
0.35
0.45
0.25
0.15
0.3
0.05
0.05
0.2
0.05
0.05
0.2
0.35
0.25
0.3
0.25
0.2
3.17096e-24
0.1
0.45
0.1
0.4
0.45
0.25
0.25
0.3
0.45
0.15
0.4
0.4
0.35
0.2
0.25
0.25
0.35
0.25
0.25
0.35
0.35
0.35
0.3
0.2
0.2
0.4
0.3
0.35
0.2
0.05
0.3
0.05
0.35
0.2
0.1
0.45
0.05
0.45
0.45
0.45
3.07122e-24
0.4
3.14075e-24
0.15
0.35
0.25
0.4
0.1
3.16675e-24
0.45
0.05
0.35
0.35
0.25
0.4
0.2
0.2
0.3
0.25
3.08914e-24
0.15
0.35
0.1
0.25
0.2
8.11116e-24
0.05
0.05
0.15
0.3
0.4
0.45
0.1
0.1
0.45
0.4
3.16499e-24
0.35
0.1
0.35
0.05
0.45
0.3
0.15
0.15
0.3
0.3
0.1
0.15
0.15
0.35
0.2
0.2
7.64542e-24
0.25
0.1
0.45
0.15
3.16416e-24
0.25
3.15953e-24
0.25
0.45
0.3
0.05
0.25
0.3
0.3
0.3
0.05
0.4
3.1685e-24
0.3
0.25
0.3
0.25
0.4
0.3
0.45
0.35
0.15
0.35
0.45
0.45
0.05
0.2
3.17973e-24
0.05
0.4
0.45
0.2
0.1
0.3
0.4
0.25
0.05
0.1
0.35
0.45
0.2
0.05
0.2
0.35
3.15805e-24
0.45
0.2
0.1
5.31958e-24
0.05
0.45
0.45
0.05
0.45
0.1
0.1
0.35
3.16413e-24
0.45
3.16021e-24
3.1625e-24
0.35
0.1
0.2
0.4
0.35
0.35
0.35
0.45
0.25
0.15
0.45
0.2
0.35
0.45
0.45
0.1
0.1
6.03743e-24
0.2
0.15
0.25
0.05
0.15
0.3
0.35
0.25
0.05
0.1
0.2
0.4
0.4
0.2
0.1
0.4
0.25
0.2
3.17566e-24
0.15
0.4
0.3
0.3
0.45
0.1
0.1
0.2
0.1
0.15
0.4
0.05
0.45
0.35
0.1
0.05
0.05
0.3
0.45
0.2
0.2
0.35
0.4
3.16962e-24
0.15
0.15
0.1
0.45
0.05
0.1
0.3
0.25
0.4
0.4
0.25
0.4
0.15
0.15
0.35
0.45
0.15
0.3
0.15
3.16392e-24
0.3
0.35
0.1
0.25
3.1692e-24
0.25
0.15
3.16962e-24
0.2
0.1
0.45
0.1
0.4
0.2
0.4
0.1
0.45
0.1
0.15
0.05
0.3
0.35
0.4
0.25
0.15
0.45
0.3
0.2
0.2
0.3
0.05
0.1
0.45
0.35
0.4
0.3
3.16965e-24
0.45
0.25
0.3
0.35
0.25
0.1
0.35
3.95413e-24
0.1
0.45
5.15906e-24
0.4
0.25
0.3
0.35
0.4
0.25
0.2
0.4
0.1
0.25
0.45
0.2
0.15
0.45
0.15
0.45
0.05
0.1
0.4
0.4
0.35
0.15
0.2
0.25
0.25
0.3
0.3
0.35
0.05
0.3
0.45
0.25
0.25
0.3
0.1
0.35
0.45
0.25
0.3
0.3
0.25
0.2
0.25
0.1
0.2
0.4
3.16984e-24
0.4
0.3
0.45
3.17573e-24
0.15
0.35
3.18943e-24
0.2
0.05
0.05
0.15
0.3
0.3
0.35
0.1
0.05
3.1691e-24
0.25
0.25
0.15
0.2
0.05
0.45
0.1
0.25
0.2
0.4
0.05
0.2
0.35
3.17046e-24
0.05
3.17164e-24
3.17495e-24
0.35
0.15
0.15
0.35
0.35
0.45
0.25
0.45
0.15
0.3
0.1
0.15
0.25
3.16961e-24
0.2
0.25
0.15
0.35
0.05
3.16961e-24
0.05
0.05
0.1
0.15
0.1
0.15
0.1
0.05
0.45
0.3
0.45
0.1
0.45
3.1701e-24
3.17003e-24
0.15
0.3
3.1696e-24
0.05
0.05
0.15
0.3
0.45
0.3
0.1
-0.008
0.15
0.35
0.1
2.31986e-24
0.05
0.4
0.45
0.35
0.45
0.3
0.15
2.31986e-24
0.4
0.45
0.15
0.15
0.45
2.31986e-24
0.1
0.1
0.3
0.05
0.4
0.3
0.15
0.2
0.35
0.25
0.35
2.31986e-24
0.3
0.3
0.45
0.15
0.45
0.1
0.35
0.05
0.1
0.15
0.45
0.3
0.1
0.25
0.4
0.25
0.35
0.1
0.1
0.45
0.3
2.31987e-24
0.05
2.31986e-24
0.3
0.25
0.2
2.31986e-24
0.45
2.31986e-24
0.3
0.35
0.2
0.25
0.3
0.3
0.25
0.45
0.45
0.1
0.3
0.4
0.1
2.31862e-24
0.45
0.3
0.25
0.45
0.45
0.45
0.1
0.25
0.3
2.31986e-24
0.05
0.3
0.35
0.4
0.1
0.25
0.4
0.3
0.45
0.25
0.05
0.15
0.2
0.1
0.1
0.2
0.1
0.4
0.2
0.1
0.3
2.33251e-24
0.1
0.4
0.05
0.3
0.1
0.2
0.1
0.3
0.15
0.4
0.25
0.2
0.2
2.31118e-24
0.25
0.2
0.4
0.15
0.3
0.25
0.3
0.45
3.0914e-24
0.45
0.45
0.1
2.62869e-24
0.15
0.3
2.3374e-24
0.45
0.1
0.35
0.2
0.05
0.3
0.05
2.32e-24
0.2
0.45
0.3
0.35
0.15
2.30321e-24
0.2
0.45
0.25
0.05
0.4
0.25
0.2
0.45
0.35
0.2
0.2
0.4
0.1
0.4
2.32944e-24
0.25
0.05
0.45
0.25
0.1
2.31968e-24
0.3
0.35
0.25
0.35
0.4
0.1
0.4
0.4
0.4
0.35
0.2
0.1
0.3
4.52824e-24
0.05
0.25
0.3
2.78652e-24
0.35
0.15
2.3283e-24
2.31835e-24
0.45
0.1
2.31967e-24
0.4
0.35
0.1
0.25
0.3
0.25
0.4
0.1
0.1
0.2
0.05
0.45
0.35
0.45
0.2
0.45
0.15
0.45
2.95282e-24
0.1
0.25
0.2
2.30101e-24
0.2
0.4
2.29909e-24
0.05
0.15
0.4
0.45
0.35
0.3
0.45
0.35
0.2
0.15
0.2
0.45
0.25
0.25
0.4
0.05
0.35
0.05
0.05
0.15
0.25
0.05
0.15
0.1
0.35
0.25
0.15
0.1
2.31062e-24
0.05
0.1
2.31355e-24
0.2
0.3
0.3
2.12409e-24
0.2
0.35
0.4
0.05
0.4
0.3
1.55386e-24
0.4
0.1
0.1
0.05
0.3
0.1
0.4
0.45
2.16057e-24
0.25
0.05
0.35
0.25
0.1
0.2
0.2
0.2
0.3
0.05
0.1
0.4
0.15
0.3
1.90998e-24
0.1
0.4
0.2
0.05
0.3
0.35
0.2
3.95288e-24
0.05
0.15
1.71547e-24
1.96031e-24
0.2
0.2
0.25
0.2
0.1
0.15
0.25
0.05
0.25
0.3
0.4
0.05
0.2
0.05
0.4
0.4
2.0218e-24
0.35
0.2
0.3
0.3
6.09496e-24
0.4
0.45
1.96871e-24
0.4
0.3
2.05993e-24
0.1
0.1
0.45
0.45
0.15
0.2
0.15
0.2
0.4
0.1
0.2
0.4
0.15
0.2
0.15
0.4
0.05
0.25
0.2
0.35
0.1
0.05
0.05
0.3
0.1
0.35
0.1
0.1
2.2893e-24
0.35
0.2
0.3
2.28146e-24
0.25
0.4
0.05
0.2
0.3
0.05
0.2
0.45
0.35
0.25
0.25
2.43767e-24
0.25
0.35
0.05
0.25
0.05
5.93098e-24
0.25
0.05
1.73009e-24
0.05
0.1
0.15
0.45
2.27168e-24
0.25
0.2
0.35
0.35
2.31978e-24
0.1
0.2
0.1
0.35
0.35
0.45
0.25
0.3
0.35
0.45
0.1
2.9395e-24
0.2
0.2
0.45
0.3
1.58245e-24
0.15
0.15
0.3
0.45
0.15
0.3
0.15
0.45
0.15
0.3
0.4
2.31988e-24
0.05
0.1
0.4
0.45
0.4
0.25
0.45
0.2
0.4
0.05
0.05
0.3
0.15
0.05
0.3
0.4
0.2
0.1
0.25
0.25
0.25
2.2824e-24
0.1
0.05
0.3
0.15
0.35
0.1
0.25
0.05
0.4
0.35
2.30369e-24
0.05
0.4
0.25
0.2
0.4
0.1
0.2
0.2
0.05
0.05
0.2
0.4
0.05
0.45
0.3
0.1
0.15
0.25
0.4
0.4
0.05
0.15
0.45
0.4
0.45
2.31255e-24
0.25
0.25
0.4
0.2
0.25
0.25
0.05
0.4
6.23213e-24
0.45
0.15
0.25
0.05
0.1
0.25
2.23926e-24
0.35
0.35
0.15
0.25
0.1
0.1
0.4
2.31971e-24
0.05
0.25
0.4
0.45
0.45
0.2
0.4
0.3
2.31348e-24
0.1
0.35
0.05
5.56867e-24
0.35
0.2
0.4
0.2
0.45
0.25
0.05
0.1
0.3
0.05
0.2
0.15
0.35
0.1
0.35
0.25
0.05
0.05
0.15
0.45
0.4
2.1566e-24
0.3
0.1
0.25
0.25
0.35
0.05
0.15
0.45
0.1
0.25
0.15
0.25
0.15
0.3
0.45
0.15
0.15
0.25
0.15
0.25
0.45
0.1
0.3
0.2
0.15
0.15
0.3
0.2
2.31909e-24
0.1
0.45
0.3
0.3
0.3
0.4
0.25
0.05
2.26898e-24
0.1
0.3
0.45
0.3
0.3
0.25
0.15
0.25
0.1
0.25
0.45
2.31988e-24
2.31967e-24
0.45
0.4
0.1
0.25
0.1
0.3
2.72699e-24
0.1
0.2
0.4
0.1
0.35
0.35
0.45
0.25
0.1
0.3
0.2
2.28668e-24
0.35
0.35
0.15
0.35
0.35
2.31986e-24
0.3
2.31988e-24
0.15
0.25
0.3
0.4
2.37319e-24
0.45
0.3
0.45
0.35
0.25
0.1
0.4
0.1
0.05
0.25
0.4
2.37791e-24
0.35
0.1
0.2
0.1
0.4
0.35
0.2
0.15
0.45
2.31986e-24
0.25
0.4
0.45
0.2
0.05
0.05
2.45206e-24
0.1
0.15
0.25
3.30437e-24
0.45
0.15
0.45
0.05
0.3
0.1
0.05
0.45
0.05
0.4
0.05
0.35
0.25
0.4
0.4
2.31986e-24
0.3
2.31986e-24
0.45
0.2
0.35
0.2
2.29708e-24
0.25
0.45
0.45
0.1
0.35
0.35
0.45
0.05
0.05
0.4
0.25
0.3
0.35
0.1
0.05
2.31952e-24
2.32027e-24
0.35
0.25
0.15
0.1
0.35
0.25
0.35
0.3
0.35
2.29788e-24
0.25
0.35
2.16504e-24
0.05
0.1
0.4
0.45
0.4
0.05
0.15
0.35
0.45
0.4
0.35
0.15
0.2
0.05
0.15
0.2
0.25
0.05
0.35
0.2
0.05
0.15
2.31979e-24
0.25
0.35
2.29526e-24
0.1
2.22253e-24
0.45
0.3
0.45
0.1
0.1
0.05
0.45
0.4
0.2
2.24702e-24
0.35
2.3137e-24
0.45
0.3
0.4
0.2
0.4
0.35
0.4
0.4
0.1
0.25
0.4
2.31985e-24
0.1
2.31867e-24
0.2
0.1
0.4
0.2
0.3
0.25
0.05
0.2
0.25
0.1
0.15
0.3
0.35
0.35
2.31883e-24
0.3
0.35
0.3
0.45
0.3
0.45
0.003
0.45
0.3
0.25
0.4
0.45
0.1
0.35
-3.55234e-24
0.35
0.15
0.3
0.05
0.4
0.3
0.05
-3.55234e-24
0.1
0.15
0.05
0.2
0.15
0.15
0.1
-3.55234e-24
-3.55234e-24
0.45
0.35
0.45
0.3
0.4
0.3
0.4
0.3
0.45
0.2
0.3
-3.55239e-24
-3.55236e-24
0.4
0.1
0.1
0.45
0.1
0.2
0.3
0.15
0.15
0.15
0.45
0.45
0.15
0.45
0.4
0.45
0.15
0.15
0.2
0.2
0.3
0.45
0.3
0.35
0.25
0.15
0.15
0.3
0.35
0.4
0.15
0.2
0.3
0.2
-3.54948e-24
0.1
0.15
0.3
0.05
0.4
0.45
0.3
0.4
0.25
-3.55234e-24
0.25
0.15
0.3
0.4
0.2
0.2
0.3
0.15
0.2
0.1
0.1
0.1
-3.55611e-24
0.4
0.3
0.15
0.15
0.35
0.25
-3.54249e-24
-3.54389e-24
0.35
0.05
0.15
0.15
0.45
0.3
0.4
0.25
0.15
0.25
0.15
0.45
0.1
0.05
0.3
0.05
0.15
0.4
0.25
0.45
-3.84568e-24
0.4
0.4
0.1
0.25
0.45
0.3
0.25
0.2
0.45
0.25
0.4
0.05
0.2
-3.55224e-24
-3.55233e-24
-3.55234e-24
0.05
0.25
0.45
0.05
0.2
0.4
0.05
0.35
0.3
0.1
0.4
0.2
0.45
0.1
0.1
0.4
0.1
0.05
0.35
0.05
0.45
0.4
0.3
0.3
0.3
0.35
0.2
0.45
-3.55234e-24
0.1
0.35
0.1
0.1
0.2
0.4
0.45
-3.54521e-24
0.1
-3.66545e-24
0.05
-4.95833e-24
0.1
0.15
0.05
0.35
0.1
0.25
0.35
0.25
0.45
0.05
0.15
0.1
0.15
0.3
0.1
0.25
0.1
0.2
0.15
0.05
-3.56092e-24
0.45
0.1
0.25
0.35
-3.74914e-24
0.4
0.4
0.1
0.05
-6.07135e-24
0.4
0.35
0.2
0.3
0.25
0.45
0.3
0.05
0.1
0.35
0.2
0.15
0.35
0.4
0.45
0.2
0.3
0.45
0.3
0.25
0.25
0.25
-3.78974e-24
0.1
0.3
0.1
0.05
0.45
0.25
0.3
0.15
0.3
0.35
0.45
0.2
0.25
0.15
0.25
0.45
0.35
0.3
-3.55387e-24
0.4
0.05
0.3
0.15
0.45
0.2
0.2
0.25
0.35
0.1
0.25
0.45
0.05
-5.77478e-24
0.4
0.35
0.15
0.35
-3.47503e-24
0.35
0.15
0.2
0.4
0.15
0.45
0.05
0.25
-3.55361e-24
0.45
0.15
0.45
0.4
0.15
0.15
0.2
0.35
0.1
0.25
0.3
-7.5668e-24
0.35
0.4
0.35
0.1
-3.59142e-24
0.2
0.2
0.3
-3.49864e-24
0.25
0.2
0.1
0.05
-3.55243e-24
0.45
0.3
0.4
0.35
0.2
0.15
0.45
0.35
0.4
0.4
0.25
0.4
-5.28249e-24
0.45
0.3
0.3
0.25
0.35
0.4
0.25
0.2
0.4
-3.52388e-24
0.2
0.4
0.15
0.2
0.1
0.4
0.25
-3.55427e-24
0.4
0.35
-3.56659e-24
0.2
0.05
0.15
0.45
0.05
0.1
0.25
0.4
0.35
0.25
0.4
0.3
-3.60361e-24
0.35
-3.55314e-24
0.35
0.2
-3.54736e-24
-3.54931e-24
-3.5521e-24
0.15
0.25
0.15
0.3
-3.55403e-24
0.45
0.25
0.05
0.2
0.15
0.3
0.4
0.25
0.25
0.4
0.15
-7.34373e-24
0.2
-3.78606e-24
0.25
0.4
0.25
-3.5522e-24
0.3
0.1
0.1
0.4
0.1
0.05
0.35
0.2
0.1
0.3
0.2
0.25
0.25
0.4
0.2
0.25
0.2
0.15
0.05
0.3
0.45
0.35
0.35
0.15
0.25
0.4
0.15
0.4
0.3
0.2
0.05
0.05
0.15
0.4
-3.55232e-24
0.4
0.45
0.05
0.15
-3.54699e-24
0.1
0.15
0.1
0.35
0.25
0.1
0.35
0.25
0.35
0.4
0.35
0.3
0.35
0.05
-3.53301e-24
0.15
0.15
0.45
0.2
0.2
0.15
-3.55236e-24
0.1
0.3
0.35
-3.55195e-24
0.15
0.3
0.15
0.4
0.2
0.3
0.35
0.2
0.45
0.25
0.15
0.2
0.4
0.35
0.45
0.3
-3.5275e-24
0.25
0.45
0.3
0.2
0.4
0.4
0.25
0.05
-3.55236e-24
0.25
0.2
0.45
0.45
0.1
0.2
0.45
0.35
0.4
0.45
0.2
0.1
0.4
0.35
0.05
0.1
0.3
-3.49835e-24
0.2
0.25
0.4
0.2
0.25
0.05
0.4
-3.55257e-24
0.15
0.15
0.05
-3.55213e-24
0.4
0.25
0.45
-3.48534e-24
0.35
0.3
0.2
0.3
0.3
0.25
0.25
0.1
0.2
0.1
0.35
0.2
0.15
0.45
0.3
0.2
0.4
0.35
0.05
0.35
-3.55234e-24
0.4
0.1
0.2
0.1
0.3
0.45
0.1
-3.48215e-24
0.25
0.15
0.2
0.15
0.3
0.25
0.2
0.05
0.3
0.25
0.2
0.3
0.45
0.2
0.3
0.25
0.25
0.05
0.4
-3.55234e-24
0.35
-3.55215e-24
0.25
-3.55051e-24
0.35
0.45
0.2
0.05
0.45
0.45
0.45
0.05
0.15
0.1
0.05
0.25
0.15
0.15
0.05
-3.53908e-24
0.05
0.1
0.45
0.45
0.15
0.3
0.4
0.25
0.25
0.2
0.4
0.1
0.1
-3.52212e-24
-3.50189e-24
0.3
0.3
0.3
0.4
0.25
0.45
0.05
0.2
0.3
0.15
0.25
0.35
0.25
-3.54908e-24
-3.55257e-24
0.25
0.35
0.15
0.1
0.1
0.05
0.25
0.25
0.4
0.3
0.15
-3.54832e-24
-3.54805e-24
0.3
0.15
0.3
0.15
0.1
0.2
0.3
0.2
0.15
0.45
0.45
0.25
0.15
-3.55099e-24
0.4
0.35
0.1
-3.55232e-24
0.35
0.45
0.4
-3.55234e-24
0.4
0.4
-3.55206e-24
0.05
0.35
0.45
0.1
-3.73594e-24
0.35
0.05
0.45
0.25
0.45
0.4
-4.32267e-24
0.05
0.1
0.2
0.2
0.15
-3.55366e-24
0.3
0.2
0.05
0.3
0.3
0.1
0.4
0.05
0.05
0.05
0.2
0.45
0.05
0.15
0.2
0.1
0.25
0.4
-4.32821e-24
0.3
0.45
0.45
0.4
0.35
0.15
0.15
0.15
0.15
0.1
0.2
0.15
0.15
0.45
0.4
0.1
0.45
0.1
0.05
0.05
0.05
0.3
0.45
0.2
0.3
0.3
0.4
0.4
0.35
-3.64816e-24
0.2
0.1
0.2
0.45
0.2
0.25
0.1
0.1
0.35
0.15
0.15
0.4
0.05
0.3
-3.55234e-24
0.3
0.45
0.1
0.1
0.2
-3.56428e-24
0.15
0.35
-3.59542e-24
0.45
0.4
0.05
0.45
0.35
0.15
0.35
0.1
0.3
0.1
0.15
-3.55236e-24
0.35
0.15
0.3
0.25
0.4
-3.55234e-24
-3.55234e-24
0.05
0.45
0.3
0.4
0.05
0.35
0.25
-3.55482e-24
0.15
0.15
0.05
0.15
0.3
0.4
0.15
0.1
-3.5527e-24
0.25
0.35
0.4
0.05
0.45
0.05
0.3
0.35
0.003
0.15
0.15
-1.86352e-24
0.15
0.3
0.25
0.15
0.05
0.4
-1.86352e-24
0.1
0.25
0.1
0.45
0.1
0.4
0.15
-1.86352e-24
0.1
0.3
0.15
0.35
-1.86352e-24
0.2
0.15
0.05
0.2
0.35
0.3
0.1
0.25
0.2
-1.86352e-24
0.25
0.15
0.2
0.25
0.45
-1.86369e-24
-1.86359e-24
0.25
0.1
0.2
0.2
0.25
0.2
0.1
0.3
-1.86362e-24
0.25
0.05
0.35
0.4
0.3
0.45
0.1
0.45
0.25
0.35
0.3
0.45
0.45
0.1
0.1
0.35
0.05
0.25
0.15
0.4
0.1
0.2
0.25
0.2
0.1
0.3
0.4
0.15
0.3
0.25
0.2
0.3
0.15
0.35
0.4
0.3
0.45
0.15
-1.86353e-24
-1.86353e-24
0.4
0.35
0.45
0.35
0.2
0.35
0.25
0.15
0.3
-1.90171e-24
0.35
0.45
0.35
0.15
0.2
0.1
0.05
0.2
0.05
0.25
0.15
-1.86352e-24
-1.86352e-24
0.3
0.2
0.35
0.05
0.25
0.4
0.2
0.4
0.35
0.25
0.25
0.3
0.3
0.4
-2.26463e-24
0.15
0.4
0.35
0.3
0.45
0.25
0.05
0.25
0.1
0.25
0.25
0.15
0.25
0.2
0.15
0.05
0.3
0.25
0.2
0.25
0.1
0.3
0.35
0.4
0.25
-2.0357e-24
0.3
0.15
0.35
0.15
0.15
0.1
-2.13069e-24
0.15
0.2
0.45
0.35
0.45
0.1
-1.86364e-24
0.25
0.4
0.4
0.45
0.1
0.25
0.05
0.2
0.1
0.05
0.45
0.25
-1.85483e-24
0.1
0.4
0.4
0.25
0.05
0.3
0.15
0.15
0.4
0.35
0.45
0.2
0.25
0.35
0.45
0.35
0.3
0.15
0.45
0.35
0.25
0.1
0.1
0.45
0.25
0.1
0.25
0.15
0.05
0.25
0.15
0.15
0.05
0.35
0.35
0.4
0.3
-1.87795e-24
0.45
0.35
0.3
0.45
0.1
0.35
0.15
0.35
-1.86424e-24
0.35
0.25
0.05
0.15
0.45
0.15
0.3
0.1
0.35
0.25
0.15
0.3
0.15
0.35
-2.64249e-24
0.15
-1.97447e-24
0.1
-1.8687e-24
0.05
0.25
0.15
0.4
0.35
0.05
-1.86374e-24
0.1
0.1
0.45
0.1
0.35
-1.88529e-24
0.05
0.15
-1.84523e-24
0.1
0.15
0.4
0.4
0.1
0.2
0.35
0.15
0.45
0.1
0.2
0.45
0.3
0.25
0.35
0.25
0.05
0.4
0.15
0.05
0.3
0.35
0.35
0.35
0.15
-1.8736e-24
0.25
0.1
0.35
0.45
0.15
0.1
0.35
0.05
0.35
0.25
0.1
0.1
0.2
-1.8605e-24
0.2
0.05
-1.8634e-24
0.05
0.45
0.1
0.1
0.45
0.05
0.4
0.35
0.05
0.25
0.25
-1.82148e-24
0.35
0.3
0.05
0.15
0.1
0.35
0.25
0.25
0.1
0.3
0.15
0.35
0.1
0.45
0.35
0.35
0.4
0.35
-1.86358e-24
0.2
0.35
-1.86451e-24
0.3
0.1
0.25
0.35
0.45
0.15
0.05
0.1
0.15
0.45
0.3
0.15
0.15
0.15
0.4
0.25
0.2
0.4
0.15
0.45
0.2
0.05
0.3
0.05
0.3
0.45
0.3
0.45
-1.86463e-24
0.25
0.35
0.2
0.25
0.3
0.45
0.35
0.25
0.1
0.3
0.2
0.25
0.45
0.2
0.45
0.4
0.15
0.25
0.45
0.25
0.45
0.3
0.4
0.35
0.2
0.35
0.15
0.1
0.45
0.35
-1.85083e-24
0.25
-1.77718e-24
-1.7333e-24
0.15
0.05
0.4
0.4
0.45
0.35
0.1
-1.77553e-24
0.05
0.35
0.4
0.1
0.1
0.4
-1.87073e-24
0.05
0.25
0.25
0.25
0.2
0.15
0.1
0.4
0.05
0.35
0.15
0.2
0.35
0.05
0.35
0.1
0.05
0.35
0.15
0.05
0.15
0.3
0.45
0.15
-1.87673e-24
0.45
0.1
0.15
0.05
0.25
0.2
0.4
0.15
0.45
0.3
0.05
0.35
0.05
0.35
0.2
0.4
0.25
0.35
0.25
0.05
0.45
0.25
0.1
0.3
-1.8254e-24
0.3
0.25
0.4
0.3
0.15
0.25
0.15
0.3
0.05
-1.86352e-24
0.05
0.45
0.1
0.25
0.35
0.35
0.1
0.3
0.35
0.1
0.2
0.2
0.2
0.25
0.3
0.1
0.1
0.4
0.35
0.45
0.25
0.3
0.4
-1.87388e-24
0.4
0.3
0.3
-1.86352e-24
0.05
-1.86345e-24
0.15
-1.86349e-24
0.05
0.4
-1.8742e-24
-1.88994e-24
0.45
0.25
0.4
0.35
0.15
0.45
0.4
0.4
0.15
0.35
0.15
0.2
-1.879e-24
0.4
-1.87767e-24
0.05
0.05
0.45
0.25
0.45
0.15
-1.86336e-24
0.1
0.35
0.45
0.05
-1.87905e-24
0.1
0.1
0.1
0.25
0.2
0.3
0.45
0.45
0.25
0.3
0.35
-1.86095e-24
0.25
-1.87391e-24
0.2
0.45
0.05
0.4
0.2
0.1
0.35
0.35
-1.8634e-24
0.35
0.45
0.2
0.25
0.25
0.2
0.1
0.2
0.35
0.1
0.4
0.1
0.45
0.05
0.1
0.3
0.1
0.4
0.2
0.3
-1.86944e-24
0.1
0.2
0.2
0.35
0.45
0.35
0.45
0.25
-1.86302e-24
0.15
0.25
0.4
0.15
0.3
0.45
0.4
-3.29615e-24
0.1
0.25
0.4
0.35
0.1
-1.83616e-24
0.4
0.4
0.35
0.4
0.3
0.35
0.2
0.4
0.4
0.35
0.3
0.25
0.1
0.45
0.25
0.15
0.2
0.05
0.4
0.25
0.35
0.2
0.45
0.1
0.45
-2.06886e-24
-1.88412e-24
0.25
0.15
0.25
0.4
0.25
0.05
0.45
0.05
0.35
0.3
0.1
0.45
0.35
0.2
0.3
-1.8671e-24
0.4
0.15
0.2
0.15
0.25
0.05
0.45
0.25
0.25
0.25
0.3
0.4
0.25
0.15
-1.85764e-24
0.1
0.45
0.15
0.25
0.35
0.45
0.4
0.45
0.05
0.15
0.05
0.25
0.15
0.35
0.05
0.2
0.15
0.35
0.45
0.3
0.45
0.05
0.2
0.05
-1.83858e-24
0.25
0.4
0.45
0.1
0.15
0.3
0.3
0.25
0.05
0.4
0.35
0.4
0.35
-1.86366e-24
0.1
0.2
0.1
0.4
0.15
0.05
0.25
0.35
0.25
0.25
0.2
0.45
0.15
0.3
0.35
0.1
-1.86311e-24
0.3
0.25
0.3
0.3
0.15
0.4
0.1
0.1
0.1
0.35
0.1
-1.86355e-24
0.25
0.15
0.25
0.05
0.15
-1.88002e-24
0.3
0.25
0.3
0.35
0.3
0.2
0.35
0.25
0.1
-1.86404e-24
0.15
0.25
0.35
0.4
-1.86352e-24
0.35
0.45
0.15
0.1
0.35
-1.86352e-24
0.4
0.25
0.2
0.25
0.35
0.35
0.05
0.15
0.25
0.4
0.25
0.15
0.25
0.4
0.3
0.35
0.05
0.3
0.25
0.4
0.15
0.4
0.35
0.05
-0.008
-3.47996e-23
0.05
0.2
0.05
0.35
-3.47996e-23
0.3
0.45
0.15
0.15
-3.47996e-23
0.45
0.15
0.3
0.35
0.25
0.25
0.35
0.05
-3.47996e-23
0.25
0.4
0.3
-3.47996e-23
0.4
0.2
0.25
0.05
0.1
0.15
0.05
0.4
0.05
-3.47996e-23
0.2
0.35
0.45
0.15
0.35
0.2
0.15
0.2
0.4
0.25
0.25
-3.48006e-23
0.45
0.2
0.25
0.3
0.2
0.2
0.2
0.1
0.4
0.4
0.3
-3.47996e-23
0.25
0.3
0.05
-3.47996e-23
-3.47997e-23
0.1
0.2
0.1
0.25
0.4
0.45
0.4
0.05
0.25
0.45
0.3
0.25
0.25
0.35
0.4
0.2
0.3
0.45
0.15
0.25
0.1
0.2
0.3
0.2
-3.47997e-23
0.1
-3.47992e-23
0.35
0.2
0.2
0.4
-3.48005e-23
0.05
0.15
0.05
0.25
0.45
0.05
0.35
0.3
0.45
0.15
0.05
0.05
0.4
0.15
-3.47998e-23
0.1
-3.47996e-23
0.45
0.2
0.3
0.3
0.2
-3.47953e-23
0.15
-3.47892e-23
0.15
-3.4791e-23
0.2
-3.54464e-23
0.3
0.3
0.15
0.2
0.25
-4.10194e-23
0.4
0.3
0.2
0.3
0.45
0.3
0.3
0.35
0.1
0.4
0.25
0.35
0.35
0.2
0.3
0.25
0.05
0.45
0.35
0.45
0.45
0.4
0.4
-4.84936e-23
0.3
0.25
-5.16724e-23
0.45
0.45
0.45
0.3
0.05
0.45
0.1
0.3
0.45
-3.48055e-23
0.1
0.45
0.1
0.45
0.25
0.25
0.35
0.4
0.2
0.45
-3.44966e-23
0.25
0.1
0.05
0.05
0.1
0.45
0.45
0.1
0.15
0.45
0.1
0.45
0.1
0.2
0.4
0.3
0.3
0.05
0.3
-3.47991e-23
0.35
0.35
0.15
0.1
0.35
-3.45802e-23
0.35
0.2
0.15
0.05
-3.98773e-23
0.45
0.45
0.2
0.2
0.45
0.1
0.05
0.15
0.3
0.45
0.2
0.2
0.2
0.1
0.2
0.45
0.35
0.25
0.2
0.25
0.3
0.35
0.45
0.35
0.35
0.1
0.1
0.45
-5.15734e-23
0.3
0.2
0.3
0.2
0.05
0.1
0.25
0.15
-3.49482e-23
0.35
0.25
0.1
0.25
0.15
0.05
-3.47993e-23
0.45
0.15
0.1
0.25
0.25
0.25
0.4
0.45
0.2
0.45
0.45
0.15
0.4
-6.98946e-23
0.25
0.15
0.15
0.1
0.3
0.25
0.15
-3.49195e-23
0.35
0.4
0.05
0.1
0.35
-3.47995e-23
0.15
0.4
0.4
0.35
-3.47293e-23
-3.469e-23
0.35
0.1
0.45
0.45
0.45
0.25
0.2
0.35
0.45
0.3
0.35
0.05
0.05
-3.4814e-23
0.05
0.1
0.4
0.25
0.1
0.45
0.3
0.4
0.3
0.45
0.2
0.15
0.35
0.2
0.3
0.1
-3.46141e-23
0.1
0.4
0.1
0.05
0.45
0.4
0.2
0.3
-3.44498e-23
0.2
0.35
0.05
0.15
0.45
0.45
0.05
-3.47991e-23
0.05
-3.47988e-23
0.2
-3.47929e-23
0.15
0.45
0.45
0.05
0.35
0.15
0.4
0.2
0.05
0.15
0.1
0.1
0.1
-3.59578e-23
0.15
0.15
0.15
0.3
0.2
0.15
0.05
0.2
0.35
0.4
0.45
0.45
0.15
0.3
0.35
0.3
0.15
0.2
0.25
0.45
0.25
0.35
-3.85178e-23
0.4
0.05
0.05
0.2
0.4
0.3
0.45
0.3
0.2
0.45
0.4
-3.48255e-23
0.05
0.25
-3.47994e-23
0.1
0.45
0.4
0.25
0.3
0.2
0.15
0.15
0.05
0.05
0.25
0.45
-4.01891e-23
-6.99663e-23
-9.15771e-23
-6.61437e-23
0.05
0.2
0.4
0.3
-3.48437e-23
0.25
0.35
0.1
0.1
0.2
0.05
-3.47995e-23
0.25
0.25
0.15
0.25
0.3
0.1
0.4
0.2
0.15
0.35
0.2
0.45
-4.42741e-23
0.15
0.35
0.45
0.15
0.15
-3.4772e-23
0.3
0.45
0.45
0.25
0.15
0.35
0.4
0.45
0.4
0.15
0.4
0.25
0.2
0.35
0.45
0.3
-3.46974e-23
0.2
0.05
0.15
-3.81503e-23
0.15
0.1
0.1
0.45
0.3
0.3
0.3
0.2
0.25
-3.48409e-23
-3.47925e-23
0.3
0.35
0.25
0.25
0.35
0.05
0.05
-3.47978e-23
0.4
0.3
-3.48056e-23
0.25
0.3
0.45
0.05
0.45
0.25
0.1
-7.63161e-23
0.4
0.2
0.2
0.25
0.15
-3.50031e-23
0.1
0.1
0.4
0.2
0.4
0.25
-3.47951e-23
0.35
-3.47993e-23
0.1
0.1
-3.47939e-23
0.45
0.3
0.05
0.1
0.05
0.05
0.25
0.45
0.3
-7.34354e-23
0.1
0.45
0.05
0.45
0.35
0.35
0.3
0.35
0.2
0.4
0.1
0.15
0.05
0.2
0.3
0.05
0.2
0.2
0.2
0.3
0.1
0.45
0.3
0.05
0.2
0.45
0.15
0.4
0.05
0.3
-3.92121e-23
0.1
0.3
0.25
0.4
0.25
0.4
-3.47858e-23
-3.47926e-23
0.3
0.35
0.25
0.35
0.35
0.15
0.1
0.1
0.2
0.1
0.3
0.05
-3.84711e-23
0.05
0.1
0.35
0.3
0.05
0.45
0.15
0.35
0.25
0.4
0.2
-3.47677e-23
0.35
0.15
0.35
-3.47934e-23
0.4
0.05
0.25
0.15
0.1
-3.47913e-23
0.4
0.05
0.45
0.35
0.05
0.25
0.25
0.1
0.45
-6.28405e-23
-6.37742e-23
0.1
0.1
0.25
-3.51244e-23
0.1
0.45
0.35
0.4
0.3
0.4
0.35
0.25
-3.47996e-23
-3.47996e-23
0.2
0.45
0.35
0.15
-3.49374e-23
0.1
0.05
-3.78672e-23
0.05
0.15
0.25
0.1
0.45
0.1
0.05
0.4
0.15
-3.5284e-23
0.4
0.15
0.35
0.2
0.05
0.35
0.3
0.05
0.1
0.2
0.35
0.15
0.3
0.1
0.15
-3.51968e-23
0.45
0.15
0.1
0.4
0.15
0.45
0.15
0.35
0.4
-4.189e-23
0.3
0.05
0.15
-3.47825e-23
0.2
0.15
0.05
0.3
0.3
0.3
0.35
0.3
0.3
0.2
0.05
0.3
0.05
0.25
0.45
0.2
0.15
0.15
0.4
0.1
0.35
0.25
0.15
0.35
0.25
0.2
0.15
0.15
0.05
0.3
0.05
0.35
0.35
0.05
0.4
0.35
0.2
0.4
0.1
0.15
0.05
0.45
0.25
0.45
0.15
0.35
0.15
0.45
0.4
0.2
0.1
-3.46496e-23
0.45
0.05
0.2
0.25
0.15
0.15
0.25
0.25
0.4
0.25
0.15
0.35
0.1
0.2
0.35
-3.48003e-23
0.05
0.2
0.15
0.05
0.15
0.35
0.35
0.25
0.25
0.4
0.3
0.3
-3.47732e-23
0.2
0.35
0.3
-3.47993e-23
0.1
0.15
-3.47996e-23
0.45
-3.47996e-23
-3.47996e-23
0.15
0.4
0.35
0.15
-3.47996e-23
0.4
0.25
0.15
0.15
0.35
0.3
-3.4791e-23
0.45
-3.47887e-23
0.1
0.45
-3.47902e-23
0.2
0.4
0.45
0.45
0.25
0.15
0.15
0.05
0.4
-3.47996e-23
0.45
-0.009
0.15
0.45
0.4
-7.29054e-24
0.25
0.45
0.4
0.3
0.1
0.3
0.15
0.4
0.05
0.25
0.45
0.15
0.45
0.2
0.4
0.05
0.3
0.35
-7.29054e-24
0.2
0.45
0.45
0.2
0.15
0.4
0.05
0.45
-7.29054e-24
0.1
0.35
0.3
0.1
-7.29062e-24
0.25
0.35
0.45
0.1
0.45
-7.29076e-24
0.45
0.1
0.45
0.45
0.45
-7.29062e-24
0.4
0.35
0.35
0.45
0.1
0.4
0.2
0.15
0.25
0.15
0.35
0.05
0.1
0.4
0.4
0.2
0.4
0.4
0.4
0.3
0.15
0.3
0.25
0.35
0.45
0.45
0.05
0.1
0.4
0.05
0.1
-7.29054e-24
0.3
0.05
0.4
0.15
0.45
0.3
0.4
0.15
0.45
0.35
0.3
0.25
0.35
0.2
0.3
0.25
-7.31334e-24
0.15
0.45
0.3
0.25
0.05
0.15
0.45
0.35
0.05
0.35
0.4
0.3
0.3
0.05
0.3
0.1
0.05
0.25
0.4
0.05
0.1
0.2
0.1
0.25
-7.34021e-24
0.1
0.15
0.1
0.4
-9.34423e-24
0.15
0.25
0.1
0.05
0.15
0.4
0.35
0.1
0.4
0.45
0.05
0.4
-7.29054e-24
0.15
0.15
0.1
0.4
0.45
0.05
0.05
0.05
0.4
0.1
0.45
0.15
-9.9695e-24
0.35
0.1
0.45
0.35
0.2
0.2
0.3
-7.44994e-24
-7.33671e-24
0.45
0.35
0.4
-7.29107e-24
0.15
0.4
0.25
0.2
0.4
-7.291e-24
-7.28928e-24
0.4
0.4
0.2
0.15
0.3
0.4
0.05
0.1
0.4
0.3
0.15
0.45
0.4
0.2
0.35
0.15
0.3
0.25
0.4
0.2
-7.2944e-24
0.15
0.05
0.05
0.15
0.3
0.25
0.25
0.35
0.25
-7.24959e-24
0.1
0.35
-7.52705e-24
-8.63596e-24
0.15
0.15
0.1
-1.24055e-23
0.2
0.2
0.25
0.05
0.1
0.45
-7.33176e-24
0.15
0.45
0.15
-7.29065e-24
0.45
0.25
0.15
0.3
0.35
0.2
0.3
0.45
0.25
0.45
0.1
0.1
0.3
0.2
0.45
0.4
0.2
0.05
0.05
0.4
0.15
0.3
0.05
0.25
0.15
0.15
0.4
0.4
0.35
0.35
0.4
0.1
0.25
0.25
0.4
0.25
0.35
0.25
0.25
0.35
0.45
0.15
0.1
0.1
0.2
0.2
-7.96221e-24
0.25
0.35
0.25
0.45
0.25
0.4
0.35
-7.29248e-24
0.35
-7.2905e-24
0.2
0.2
0.15
0.4
0.35
0.05
0.05
-7.20131e-24
0.4
0.45
0.3
0.05
0.45
0.25
0.15
0.15
0.05
0.1
0.1
0.15
0.4
0.45
0.45
0.45
0.3
0.2
0.3
0.35
0.35
0.15
0.45
0.05
0.45
0.45
0.35
0.3
0.15
0.3
0.35
0.25
0.35
0.05
0.1
0.25
0.35
0.05
0.35
-7.28801e-24
0.05
0.35
0.45
0.15
0.05
0.15
0.15
0.2
0.2
0.05
0.3
0.2
-7.28939e-24
0.35
0.45
-7.15646e-24
0.3
0.4
0.4
0.2
0.1
0.2
0.4
0.1
0.05
0.25
0.2
0.25
0.2
0.35
0.1
0.25
0.45
0.1
0.35
0.05
0.05
0.15
0.2
0.3
0.05
0.15
0.25
0.05
0.35
-7.02765e-24
0.2
-7.76155e-24
0.25
0.05
0.05
0.45
-7.07483e-24
0.15
0.35
0.05
0.05
0.2
0.1
0.25
0.4
0.15
0.15
-7.29054e-24
0.45
0.2
0.4
0.2
0.1
-7.24945e-24
-7.17536e-24
0.15
0.3
0.35
0.35
0.25
0.2
0.1
0.35
0.35
0.2
0.15
0.35
0.15
0.35
0.3
-7.2707e-24
0.3
0.2
0.45
0.25
0.45
0.45
0.4
-7.29105e-24
0.15
0.35
0.2
0.35
0.2
0.35
0.2
0.1
0.15
0.1
0.25
0.15
-7.49179e-24
0.05
0.3
0.45
0.25
0.15
0.45
-7.28243e-24
0.4
0.3
0.4
0.15
0.25
0.45
0.45
0.2
0.15
0.35
0.2
0.2
-7.14249e-24
0.05
0.35
0.35
0.45
0.4
0.3
0.25
0.1
0.2
-7.09755e-24
0.2
0.35
0.35
0.45
0.35
0.45
-7.29355e-24
0.2
0.35
0.4
0.45
0.3
0.3
-7.2893e-24
0.35
0.15
0.25
0.1
0.05
0.4
0.4
0.05
-1.59931e-23
0.05
0.2
0.05
0.35
0.1
0.35
0.2
0.4
0.05
0.25
0.3
0.2
0.35
0.45
0.05
0.3
0.05
0.15
0.35
0.05
0.45
0.3
0.05
0.25
0.05
0.35
0.3
0.4
0.15
0.2
0.45
0.35
0.35
0.2
0.3
0.05
0.15
0.3
0.05
-7.29471e-24
0.35
-7.29207e-24
0.1
0.3
0.05
0.45
-7.29089e-24
-7.30769e-24
0.05
0.4
0.3
0.25
0.1
0.45
0.25
0.3
0.4
0.4
0.25
0.35
0.1
0.25
0.2
0.15
0.25
0.4
0.05
0.35
0.15
0.3
0.25
0.1
0.15
0.45
0.05
0.4
0.15
-7.41189e-24
0.1
0.1
0.45
0.25
-1.24656e-23
0.3
0.2
0.05
0.1
-7.47225e-24
-7.26314e-24
0.25
0.05
0.2
0.4
0.4
0.45
0.3
0.25
0.3
0.3
0.35
0.35
0.2
0.35
0.4
0.1
-7.43507e-24
0.25
0.3
0.45
0.05
-1.22387e-23
0.3
0.15
-1.09187e-23
0.05
0.2
0.35
0.3
-7.2896e-24
0.25
0.3
0.05
0.2
0.1
0.1
0.05
0.1
-7.29054e-24
0.1
0.2
0.4
0.45
0.1
0.3
0.35
0.45
0.15
0.05
0.25
0.15
0.2
-1.09458e-23
0.2
0.35
0.1
0.2
-7.29141e-24
0.35
0.4
0.45
0.45
0.25
0.4
-7.29054e-24
0.2
0.45
0.25
0.3
-7.29203e-24
-7.30756e-24
0.25
0.3
0.05
0.05
0.45
0.1
0.05
0.05
0.2
0.2
0.1
0.05
0.05
0.2
0.3
0.15
0.4
0.2
0.15
0.45
0.4
0.35
0.35
0.05
0.45
0.45
0.05
0.45
0.25
0.4
0.05
-7.59596e-24
-7.8721e-24
0.35
-8.49424e-24
0.3
0.25
0.05
0.15
0.3
0.4
0.4
0.3
-7.28783e-24
0.45
0.3
-7.29051e-24
-7.29058e-24
0.25
0.3
0.1
0.2
0.1
-7.2907e-24
0.3
0.1
0.1
0.2
-7.29932e-24
0.45
0.45
0.2
0.25
0.1
-7.3589e-24
0.3
0.25
0.1
0.4
0.35
0.45
0.1
0.1
0.1
0.4
0.05
0.25
0.3
0.2
0.2
0.1
0.45
0.25
-7.2908e-24
0.45
0.25
0.3
0.2
0.45
0.3
0.25
0.45
0.4
0.25
0.25
0.25
0.35
0.05
0.35
0.45
0.45
0.45
0.1
-7.29054e-24
0.35
0.25
0.4
0.3
0.35
0.25
0.15
0.2
0.2
-7.29125e-24
0.4
0.45
0.1
0.15
0.25
0.25
0.15
0.1
-7.2931e-24
0.05
0.25
0.15
0.05
0.3
0.4
0.05
0.3
0.4
0.05
-7.29054e-24
-0.007
0.25
0.4
0.05
0.2
0.4
0.45
0.4
0.4
0.25
0.45
0.05
0.2
-5.22818e-25
0.3
0.3
0.25
0.15
0.3
0.3
0.25
0.35
0.45
0.25
0.1
0.45
0.25
0.35
0.15
0.15
0.05
0.3
0.2
0.3
0.2
0.1
-5.22805e-25
0.45
0.4
0.15
0.05
0.35
0.25
0.1
0.05
0.4
0.2
0.25
0.35
0.15
0.35
0.25
0.3
0.4
0.05
0.4
0.25
0.2
0.25
0.15
0.3
0.15
0.3
0.3
-5.22761e-25
0.2
-5.22531e-25
0.15
0.1
0.05
0.4
0.3
0.15
0.3
0.05
0.35
0.3
0.45
0.05
0.2
0.35
0.3
0.3
0.4
0.35
0.45
0.4
0.3
0.2
0.45
0.15
0.4
-5.2318e-25
-5.23475e-25
0.25
0.45
0.15
0.3
0.05
0.45
0.1
0.45
0.1
0.3
0.3
0.1
0.25
0.45
0.4
0.05
0.35
-5.22823e-25
0.45
0.1
0.2
0.35
0.4
0.1
0.1
-5.23718e-25
-5.243e-25
-5.25315e-25
0.25
0.3
0.05
0.3
0.25
0.4
0.05
0.05
-5.6332e-25
0.25
0.4
0.25
0.05
0.3
0.4
0.2
-5.23136e-25
-5.22817e-25
0.35
0.05
0.15
0.2
0.05
0.25
0.2
0.25
0.25
0.15
0.1
-5.36758e-25
0.3
0.1
-6.82269e-25
0.4
0.45
0.2
0.45
0.15
-5.76993e-25
-5.48313e-25
0.25
0.1
0.1
0.15
0.4
0.15
0.25
0.05
0.35
0.4
0.45
0.35
0.4
-5.23234e-25
0.45
0.05
0.25
0.05
0.15
0.2
-7.41553e-25
0.25
0.15
0.1
0.2
0.15
0.3
0.3
0.2
-5.49734e-25
0.2
0.3
0.45
0.3
0.15
0.3
0.1
-5.22955e-25
0.25
0.45
0.25
0.2
0.2
0.25
0.15
0.05
0.35
0.1
0.3
0.15
0.3
-8.82239e-25
-7.47482e-25
0.3
0.3
-5.7783e-25
0.3
0.25
0.1
0.25
0.1
0.1
0.25
0.15
0.05
0.35
0.35
0.1
0.15
0.05
0.05
0.2
0.05
0.3
-6.8148e-25
0.3
0.25
0.4
0.15
0.05
0.35
0.3
0.25
0.2
0.25
0.05
0.05
0.4
-5.53244e-25
0.45
0.15
0.35
0.2
0.3
0.3
0.45
0.3
0.3
-5.74574e-25
0.05
-5.98233e-25
-6.15363e-25
0.45
0.1
0.2
0.15
0.2
0.3
0.1
0.15
0.2
0.45
0.15
0.3
0.05
-5.78974e-25
0.4
0.4
0.25
0.35
0.45
0.2
0.25
-5.31702e-25
0.15
0.35
0.15
0.45
0.45
0.4
0.1
-6.26993e-25
0.45
0.1
0.3
0.2
0.45
0.1
0.15
0.35
0.35
0.3
0.1
0.3
0.05
-5.24977e-25
0.1
0.4
0.1
0.3
0.4
0.25
0.1
0.2
0.15
0.15
-5.05613e-25
0.35
0.35
0.35
0.05
0.15
0.05
0.25
-6.46739e-25
0.4
0.45
-5.77388e-25
0.2
0.15
0.45
0.2
0.4
0.4
0.35
0.1
0.3
0.05
0.2
0.4
0.3
0.1
0.4
0.1
0.2
0.05
0.35
-6.12999e-25
0.3
-1.168e-24
0.15
0.35
0.45
0.4
0.05
0.05
0.3
-5.28582e-25
-5.2737e-25
0.1
-5.23514e-25
0.05
0.15
0.45
0.4
0.45
0.05
0.4
0.1
0.15
0.1
0.45
0.2
0.05
0.05
0.15
0.1
0.3
0.25
0.15
0.3
0.1
0.45
0.4
0.45
0.4
0.1
0.2
0.1
0.45
0.45
0.05
0.15
0.05
0.45
0.45
0.05
0.45
0.4
0.4
0.25
-4.55828e-25
0.05
0.35
-9.29921e-25
0.2
0.35
0.4
0.25
0.2
0.05
0.35
0.05
0.05
0.25
-5.21715e-25
0.2
0.35
0.15
0.4
0.15
0.3
0.2
0.45
0.35
0.1
0.15
0.4
0.4
0.2
0.4
-5.55839e-25
0.25
0.35
0.45
0.3
-5.22019e-25
0.05
0.2
0.35
0.2
0.2
0.45
-5.22677e-25
0.35
0.45
0.3
0.1
0.1
0.25
0.1
0.2
-5.27327e-25
0.25
0.35
0.25
0.15
0.3
0.45
0.2
0.2
0.15
0.25
0.25
0.2
0.2
0.35
0.25
0.15
0.4
0.4
0.05
0.35
0.35
0.45
0.2
0.45
0.2
0.05
0.2
0.35
0.25
0.3
0.2
0.35
0.05
0.1
0.25
-1.02525e-24
0.45
0.35
-5.98808e-25
0.2
0.4
0.45
0.05
0.15
0.35
0.25
0.1
0.1
0.2
0.25
0.3
0.05
0.15
0.15
0.4
0.15
0.4
-5.80391e-25
0.2
0.4
-5.14287e-25
0.35
0.45
0.1
0.25
0.05
0.45
-5.51296e-25
0.4
0.25
0.1
0.05
0.1
0.15
0.3
0.2
0.1
0.25
-5.22833e-25
0.3
-5.22931e-25
0.45
0.25
0.15
0.2
0.25
0.25
0.15
0.15
0.3
0.25
-1.03224e-24
0.35
0.2
0.25
0.4
0.35
0.05
0.2
0.05
0.2
0.3
0.35
0.25
0.1
0.35
0.15
0.1
0.2
0.45
0.45
-5.36413e-25
0.45
0.45
0.3
0.1
0.35
0.4
0.25
0.1
0.3
0.45
0.35
0.15
0.35
0.45
-5.34257e-25
0.25
0.3
0.4
0.3
0.1
0.4
0.1
0.15
0.45
0.3
0.3
0.35
0.35
0.3
0.35
0.45
0.3
0.35
0.45
0.25
0.45
0.25
-6.92674e-25
0.2
0.15
0.4
0.35
0.35
0.25
0.1
0.35
0.15
0.4
0.3
0.2
0.2
0.45
0.4
0.4
0.2
0.15
0.45
0.25
0.1
0.25
0.1
0.25
0.25
0.2
0.3
0.15
0.35
0.05
-5.35667e-25
0.3
0.3
0.3
0.1
0.2
0.15
0.45
0.4
0.2
-5.22825e-25
0.3
0.1
0.25
-5.23046e-25
0.45
0.1
0.45
0.45
0.2
0.2
-8.23092e-25
0.4
0.05
0.1
0.05
0.35
0.15
0.2
0.35
0.3
0.45
0.15
0.45
0.05
0.45
0.3
0.4
0.05
0.45
0.1
0.15
0.05
0.2
0.05
0.25
-5.47134e-25
0.35
0.2
0.15
0.2
0.2
0.45
0.15
0.25
0.2
0.2
0.2
0.2
0.25
0.45
0.45
0.15
0.05
0.15
0.2
0.35
0.35
0.2
0.45
0.2
0.3
0.35
0.4
0.25
0.05
0.35
-5.90797e-25
0.25
0.4
0.2
0.4
0.15
0.3
0.35
0.05
0.1
0.2
0.35
-5.22778e-25
0.2
0.45
0.35
-5.22825e-25
0.2
-5.22825e-25
0.2
0.4
-5.22819e-25
0.3
0.35
0.35
0.3
0.05
0.35
0.3
0.1
0.35
0.15
-5.52533e-25
0.05
0.25
0.2
0.45
0.2
0.35
0.45
0.25
0.45
0.25
0.05
0.45
0.45
0.3
0.45
0.35
0.25
0.1
0.05
0.15
0.05
0.05
0.1
0.3
0.45
0.25
0.45
0.05
0.1
0.45
0.15
0.3
0.2
0.45
0.05
0.45
0.2
0.35
0.15
0.15
0.004
-0.320616
-0.221312
-0.071332
-0.12133
-0.370619
-0.0213341
-0.0213341
-0.171309
-0.171309
-0.071332
-0.0213341
-0.071332
-0.42062
-0.270617
-0.370619
-0.270617
-0.423619
-0.268679
-0.218489
-0.268679
-0.118435
-0.268679
-0.168483
0.081571
-0.218489
-0.368669
-0.268679
-0.068433
-0.0184322
-0.068433
-0.168483
-0.368669
-0.218489
-0.371669
-0.378795
0.0723379
-0.127681
-0.227683
-0.278797
-0.278797
0.0223387
-0.0776644
-0.278797
-0.127681
-0.328797
-0.127681
-0.0776644
-0.127681
-0.278797
-0.378795
-0.386794
-0.183328
-0.333038
-0.0334786
-0.233322
-0.0334786
-0.0334786
-0.183328
-0.133332
-0.283033
-0.133332
-0.333038
-0.48304
-0.0334786
-0.433041
-0.0334786
-0.0834793
-0.49004
-0.0366596
-0.0866637
-0.136713
-0.385398
-0.0866637
-0.335398
-0.335398
-0.0366596
-0.0866637
-0.136713
-0.186719
-0.186719
-0.236728
-0.186719
-0.0866637
-0.435401
-0.477399
-0.309081
-0.409077
-0.0588588
-0.208805
-0.158804
-0.208805
-0.208805
-0.108863
-0.00885749
-0.158804
-0.108863
-0.259091
-0.309081
0.0411469
-0.309081
-0.208805
-0.410077
0.069143
-0.0808589
-0.331315
-0.180858
-0.180858
-0.180858
-0.331315
-0.28131
-0.180858
-0.381317
-0.0808589
-0.331315
-0.0808589
-0.230856
-0.13086
-0.0808589
-0.390319
-0.492478
-0.0428715
-0.392477
-0.142752
-0.492478
-0.392477
-0.142752
-0.0428715
-0.0428715
-0.0928762
-0.0928762
-0.192747
-0.0928762
-0.0928762
-0.0428715
-0.192747
-0.490477
-0.19311
-0.440491
-0.390491
-0.243113
-0.093187
-0.043193
-0.043193
0.00680884
-0.340491
-0.290497
0.00680884
-0.043193
-0.093187
-0.143111
-0.243113
-0.390491
-0.441491
0.0815395
-0.26897
-0.218312
-0.168317
-0.218312
-0.0684662
-0.168317
-0.218312
-0.168317
0.0315263
-0.368982
-0.26897
-0.118471
-0.26897
-0.368982
-0.218312
-0.360983
-0.230664
-0.180667
-0.180667
0.0194166
-0.331659
-0.281664
-0.0805848
-0.0805848
-0.281664
0.0194166
-0.0805848
-0.431655
-0.230664
-0.180667
-0.281664
-0.180667
-0.436656
-0.227503
-0.0775094
-0.0775094
-0.227503
-0.427801
-0.0775094
-0.227503
-0.177505
-0.327798
-0.377801
-0.027502
-0.177505
-0.0775094
0.0225
-0.227503
-0.277802
-0.437802
-0.0679957
-0.467473
-0.218076
-0.0179968
-0.0679957
-0.467473
-0.117993
-0.467473
-0.0179968
-0.417476
-0.0679957
-0.0179968
-0.168082
-0.0179968
-0.267484
-0.117993
-0.459474
-0.109016
-0.357564
-0.357564
-0.15903
-0.407561
-0.0090215
-0.209025
-0.407561
-0.357564
0.0409709
-0.0590219
-0.109016
0.0409709
-0.0590219
-0.357564
-0.109016
-0.401561
-0.0277171
-0.378673
-0.127731
-0.278668
0.0722805
-0.378673
0.0722805
-0.177729
-0.0777244
-0.378673
-0.227729
-0.32868
-0.32868
-0.0777244
-0.378673
0.0222774
-0.384672
-0.0559304
-0.306569
-0.0559304
0.0940648
-0.356563
-0.356563
-0.356563
-0.306569
-0.10593
-0.0559304
-0.205892
-0.356563
-0.0559304
0.0440674
-0.256561
-0.306569
-0.362564
-0.521644
-0.28728
-0.389606
-0.801152
-0.758307
-0.34102
-0.0880023
-0.841935
-0.445703
-0.426884
-0.487358
-0.47607
-0.48117
-0.23362
-0.262643
-0.201835
-2.07297
-0.214308
-0.221487
-0.400197
-0.848868
-0.79704
-0.304535
-0.0610812
-0.890104
-0.501064
-0.13264
-0.300815
-0.420166
-0.499758
-0.186583
-0.333292
-0.234635
-1.97236
-0.299468
-0.241347
-0.328733
-0.819387
-0.740618
-0.225478
-0.222469
-0.914183
-0.503106
-0.267397
-0.530635
-0.323879
-0.484513
-0.386686
-0.152072
-0.197054
-1.98587
-0.457183
-0.110461
-0.413521
-0.836234
-0.806508
-0.444615
-0.34848
-0.877644
-0.538018
-0.312226
-0.393264
-0.296051
-0.497559
-0.242189
-0.383134
-0.0961738
-1.93224
-0.500502
-0.24848
-0.465938
-0.834763
-0.775348
-0.469361
-0.0561621
-0.86857
-0.505169
-0.343594
-0.511514
-0.263172
-0.47656
-0.208207
-0.285088
-0.344543
-2.03514
-0.285702
-0.148804
-0.283504
-0.827074
-0.74433
-0.474096
-0.360358
-0.866325
-0.46782
-0.288787
-0.470122
-0.366706
-0.558548
-0.208764
-0.246146
-0.20886
-2.14703
-0.267098
-0.224429
-0.463814
-0.802567
-0.738634
-0.426714
-0.118551
-0.848943
-0.473275
-0.328692
-0.46888
-0.512858
-0.535469
-0.182437
-0.123184
-0.289047
-1.83436
-0.463951
-0.0456442
-0.38157
-0.835589
-0.735524
-0.322886
-0.334181
-0.897527
-0.511335
-0.289874
-0.414937
-0.483356
-0.520488
-0.397348
-0.225722
-0.044035
-2.00918
-0.455911
-0.107058
-0.455477
-0.881012
-0.772269
-0.452352
-0.131166
-0.896137
-0.437964
-0.30525
-0.51848
-0.351546
-0.481178
-0.216682
-0.363401
-0.0303668
-1.95139
-0.389735
-0.245947
-0.420468
-0.846309
-0.81663
-0.308484
-0.0425566
-0.942195
-0.557074
-0.189936
-0.478996
-0.21505
-0.521765
-0.389127
-0.289893
-0.163053
-1.94145
