0.4
0.3
0.05
0.05
0.05
0.25
0.4
0.2
0.35
0.05
0.1
0.3
0.4
0.4
0.4
-2.56811e-24
0.35
0.25
0.15
0.2
0.05
0.2
0.05
0.2
0.4
-2.56811e-24
0.15
0.05
0.05
0.35
0.25
0.3
0.45
0.1
0.4
0.35
0.05
0.45
0.4
0.35
0.05
0.45
0.3
0.35
0.35
0.4
0.2
0.2
0.15
0.25
0.15
0.2
0.3
0.25
0.4
0.4
0.1
-2.56811e-24
0.3
0.25
0.05
0.35
0.1
0.1
0.4
-2.56875e-24
0.1
0.1
-2.55001e-24
-2.53177e-24
0.45
0.2
-2.47845e-24
0.25
0.4
0.15
0.45
0.35
0.35
0.4
0.45
0.15
0.05
0.15
0.2
-2.56811e-24
0.3
0.2
0.4
0.1
0.2
0.3
0.15
0.4
0.2
-2.60365e-24
0.45
0.05
0.15
0.15
0.25
0.35
0.35
0.15
0.3
0.3
0.05
0.1
-2.56765e-24
0.15
0.1
0.35
0.1
0.3
0.25
0.45
0.25
0.25
-2.58777e-24
0.4
0.25
0.1
0.15
0.05
0.3
0.1
0.35
0.4
0.25
0.1
-2.68297e-24
-2.64223e-24
0.25
-2.60468e-24
0.3
0.2
0.15
0.4
0.05
0.35
0.15
0.4
0.25
0.25
0.05
-2.57789e-24
0.3
0.1
0.2
0.2
0.3
0.35
0.05
0.2
0.15
0.1
-4.08369e-24
0.1
0.45
0.2
0.1
0.35
0.35
0.15
0.15
0.15
0.1
0.25
0.4
0.15
0.2
0.1
0.35
0.2
0.3
0.4
0.25
0.05
-3.03923e-24
-3.27428e-24
0.35
0.05
-4.81664e-24
0.4
0.1
0.2
0.3
0.05
0.3
0.45
-2.81199e-24
0.15
0.45
0.1
0.3
0.45
0.4
0.05
0.25
0.3
0.2
0.4
0.1
0.05
0.15
0.25
0.2
0.35
0.25
-3.61772e-24
0.1
0.05
-4.00531e-24
0.25
0.25
0.35
0.35
0.1
0.1
0.1
-2.89942e-24
0.05
-2.59969e-24
0.15
-2.5681e-24
0.05
0.2
0.3
0.15
0.25
0.35
0.3
0.3
0.35
0.15
0.05
0.3
0.25
-4.71679e-24
-5.14642e-24
0.45
0.1
0.25
0.45
0.2
0.3
-3.04902e-24
0.2
0.4
0.2
0.35
0.3
0.15
-2.56781e-24
0.15
-2.56651e-24
0.1
0.4
0.25
0.4
0.05
0.3
0.25
0.2
0.15
0.15
0.05
0.1
0.35
0.4
-2.63811e-24
0.45
0.1
0.45
0.15
0.4
0.3
0.3
0.35
0.1
0.2
-2.56762e-24
0.3
0.35
0.45
0.4
0.1
0.25
0.3
0.15
0.05
-2.32857e-24
0.3
-4.41662e-24
0.25
0.1
0.15
0.35
0.4
0.3
0.35
0.2
0.45
0.05
0.1
0.2
0.2
0.05
0.3
0.25
0.05
0.25
0.2
0.05
0.2
0.15
0.15
0.45
0.05
0.1
0.1
0.1
-6.73907e-24
0.25
0.45
0.05
0.1
-2.35449e-24
0.4
0.35
0.15
0.3
0.3
0.35
0.45
0.1
0.25
0.2
0.2
0.45
0.3
0.4
0.3
0.25
0.25
0.2
0.05
0.15
0.1
0.2
0.45
0.15
0.25
0.25
0.2
0.25
0.45
0.15
0.15
0.45
0.25
0.4
0.3
0.3
0.15
-2.56808e-24
0.2
0.35
0.2
0.35
0.25
0.1
0.25
-2.1719e-24
-2.42942e-24
0.25
0.3
0.2
0.4
0.2
0.45
-1.20879e-24
0.35
0.15
0.45
0.3
0.2
0.4
0.35
0.4
0.1
0.05
0.4
0.25
0.25
0.15
0.35
-2.54164e-24
0.4
0.15
0.1
0.4
0.4
-2.53454e-24
0.15
0.1
0.15
0.05
0.45
0.05
0.35
0.1
0.35
0.3
0.1
0.2
0.35
0.15
0.25
0.4
0.2
0.1
0.25
0.4
-2.56065e-24
0.05
-2.52669e-24
0.45
0.25
0.45
0.25
0.45
0.25
0.3
0.2
0.3
0.35
0.2
0.15
0.25
0.05
0.45
-2.55065e-24
0.45
0.3
0.25
0.25
0.05
0.25
-2.56819e-24
0.35
0.15
0.25
0.25
0.25
-2.49774e-24
-2.31639e-24
-2.07095e-24
0.45
0.1
0.2
-4.99057e-24
0.35
0.35
0.45
0.35
0.05
-2.73262e-24
0.35
0.3
0.1
0.2
0.2
0.35
0.05
0.1
0.45
0.05
0.2
0.1
0.2
0.15
0.25
0.4
0.35
0.25
0.05
0.4
0.05
0.3
0.1
0.35
0.35
0.4
0.4
0.4
0.05
0.15
-2.59577e-24
0.3
0.45
0.45
0.35
0.1
0.15
0.4
0.45
0.05
0.35
0.1
-2.99508e-24
0.45
0.05
0.05
0.25
0.1
0.4
-5.23058e-24
0.25
0.45
0.2
-2.81359e-24
0.35
-2.92779e-24
0.15
0.15
0.35
0.35
0.25
0.25
0.15
0.25
0.3
0.1
0.4
0.1
-2.59826e-24
0.35
-3.07719e-24
0.3
0.25
0.3
0.1
0.25
0.15
0.45
0.25
0.05
0.05
0.35
0.2
0.05
0.35
0.35
0.25
0.45
0.05
0.4
0.3
0.3
0.2
0.1
0.4
0.15
0.35
0.05
0.2
0.1
0.2
0.3
0.15
0.35
0.3
-4.62087e-24
0.3
-3.32183e-24
0.25
0.45
0.05
0.35
0.15
0.25
0.1
0.1
0.35
0.3
-2.56933e-24
0.25
0.4
0.15
0.3
0.45
0.1
0.05
0.25
0.3
0.1
0.45
0.2
0.4
0.4
0.25
0.05
0.35
0.05
0.25
0.15
0.4
0.15
-2.62062e-24
0.05
0.05
0.15
0.35
0.05
0.1
0.1
0.45
0.25
0.05
0.1
0.05
-2.74678e-24
0.35
0.05
0.25
0.3
0.15
0.15
0.05
0.2
0.15
0.45
0.2
0.2
0.45
0.15
0.3
0.25
0.2
-2.56913e-24
0.15
0.4
0.35
0.4
0.35
0.45
0.3
0.4
0.3
0.45
0.05
0.3
0.35
0.4
0.3
0.1
0.3
0.3
0.3
0.25
0.05
-2.52574e-24
0.45
0.3
0.2
0.45
0.15
0.15
0.35
0.2
0.25
0.4
0.1
0.1
0.05
0.25
0.35
0.1
0.25
0.1
0.45
0.2
0.15
0.45
0.35
0.1
-2.70218e-24
0.2
0.2
0.35
0.4
0.4
0.1
-2.56775e-24
0.25
0.35
0.4
0.05
0.25
0.4
-2.56811e-24
0.2
0.1
0.1
0.1
0.3
0.2
0.35
0.3
0.4
0.45
0.25
0.1
0.3
0.35
-2.30808e-24
0.4
0.05
0.1
0.35
0.3
0.1
0.25
0.05
0.25
0.2
0.35
0.35
0.05
0.35
0.35
-2.56774e-24
0.2
0.1
0.2
0.1
0.05
0.45
0.2
0.05
0.45
0.35
0.4
0.25
0.05
0.4
0.45
0.3
0.25
0.4
0.35
0.45
0.05
0.2
0.45
0.15
0.3
0.15
0.15
0.05
0.4
0.2
-2.56799e-24
-2.56762e-24
0.4
0.1
0.3
0.35
0.2
0.15
0.15
-2.56705e-24
0.15
0.05
0.1
0.4
0.45
0.45
0.3
0.35
0.1
0.15
0.2
0.007
0.35
0.35
0.35
0.15
0.2
0.2
0.4
0.3
0.35
0.4
0.45
0.15
0.45
0.45
0.15
0.3
0.2
0.45
0.3
0.4
0.4
0.25
0.05
0.15
0.35
0.35
0.05
0.3
0.05
0.35
0.15
0.35
0.05
0.45
0.15
0.4
-7.04829e-24
0.05
0.4
0.2
0.1
0.2
-7.04911e-24
0.3
0.25
-7.04906e-24
0.1
-7.04862e-24
0.45
0.4
0.4
0.1
0.2
0.45
0.2
0.15
0.1
0.15
-7.04811e-24
0.45
0.05
-7.04811e-24
0.2
0.3
0.4
0.2
0.15
0.15
0.4
0.45
0.45
0.35
0.25
-7.0597e-24
0.15
0.1
-7.04944e-24
0.35
-7.04894e-24
0.2
0.4
0.45
0.25
0.45
0.05
0.25
0.2
0.3
0.1
0.35
0.15
0.05
0.05
0.2
0.45
0.35
0.2
-7.09052e-24
0.1
0.15
0.1
0.2
0.1
0.35
0.4
-7.04945e-24
0.4
0.4
0.2
0.15
0.05
0.3
0.3
0.25
0.25
0.1
0.15
0.35
0.45
0.15
0.4
0.25
0.1
0.2
0.3
0.35
0.4
0.15
0.4
-8.54e-24
0.4
0.3
0.35
-7.09319e-24
0.25
0.3
0.3
0.1
0.35
0.05
0.05
0.45
0.45
0.45
0.35
0.1
0.1
0.3
0.1
0.35
0.35
0.3
0.1
0.05
0.1
0.15
0.35
0.05
0.25
0.35
0.35
0.2
0.25
0.45
-7.02294e-24
0.45
0.4
0.15
0.2
-7.04811e-24
0.15
0.05
0.25
0.2
0.4
0.1
0.2
0.45
0.1
0.2
0.2
0.25
0.15
0.05
0.35
0.05
0.4
0.25
0.3
0.3
-6.94778e-24
0.1
0.25
0.45
-7.04043e-24
0.05
-7.04811e-24
-7.04809e-24
-7.04684e-24
0.3
0.4
-7.04791e-24
0.25
0.05
0.1
0.05
0.05
0.2
0.05
0.3
0.2
0.45
0.15
0.15
0.25
0.3
0.3
0.15
-6.87085e-24
0.25
0.05
-6.98349e-24
0.25
0.25
0.4
0.35
-7.04841e-24
0.45
0.2
0.45
0.45
0.2
-7.0258e-24
0.3
0.35
0.25
0.4
0.1
0.15
-1.52634e-23
0.05
0.45
0.15
0.45
0.05
0.2
0.05
0.45
0.35
0.35
0.3
-7.04713e-24
0.45
0.3
0.2
0.1
0.15
0.05
0.25
0.3
0.1
0.45
0.4
0.2
0.3
0.4
0.35
0.05
0.15
0.2
0.2
0.05
0.25
0.3
0.45
0.35
0.35
0.4
0.3
0.15
0.05
0.3
0.1
0.4
0.25
0.2
-7.06146e-24
0.2
0.15
0.25
0.05
0.05
0.4
0.1
0.35
0.15
0.15
0.45
0.4
-6.90601e-24
-6.85821e-24
0.05
0.1
0.4
0.35
0.05
0.4
-7.04797e-24
-7.04816e-24
0.45
0.1
0.2
-7.0558e-24
0.4
0.25
-6.99675e-24
0.35
0.45
0.2
0.3
0.05
0.25
0.2
0.05
0.45
0.35
0.3
0.1
0.35
0.05
0.1
0.25
0.4
0.45
0.05
0.1
0.3
0.3
0.35
0.35
0.15
0.25
0.1
0.45
0.15
0.2
0.05
0.4
0.1
0.4
0.15
0.05
0.2
0.4
0.2
0.4
0.2
0.1
0.3
-7.04602e-24
0.1
0.25
0.05
0.3
0.1
0.3
0.05
-7.0508e-24
-7.06065e-24
0.35
0.4
0.35
0.1
-6.42297e-24
0.2
0.25
0.25
0.25
0.4
0.05
0.05
0.25
0.35
0.3
-6.99633e-24
0.2
0.45
0.15
0.25
0.15
0.45
0.4
0.25
0.1
0.3
0.15
0.2
0.3
0.05
0.1
0.4
0.1
0.25
0.15
0.25
0.1
0.3
0.3
-7.39252e-24
0.45
0.15
0.25
0.1
-7.02227e-24
0.2
0.2
0.15
-7.04572e-24
0.45
0.3
0.35
0.35
0.3
0.45
0.25
0.4
0.05
0.25
-6.72008e-24
0.05
0.3
0.15
0.05
-1.48359e-23
0.05
0.1
0.25
0.35
0.35
-6.87892e-24
0.05
0.3
0.15
0.05
-7.04648e-24
0.2
0.25
0.1
0.4
-7.04816e-24
0.1
0.05
0.45
0.05
0.05
0.2
0.4
0.45
0.35
0.2
0.35
0.45
0.3
0.1
0.1
0.45
0.2
0.45
0.25
0.45
0.05
0.25
0.45
0.45
0.4
0.1
0.2
0.3
0.35
0.1
0.2
0.45
-6.93604e-24
0.45
0.35
0.45
0.1
0.15
0.05
0.3
0.1
0.25
0.2
0.3
0.25
0.1
0.35
0.25
0.2
0.35
-7.0564e-24
0.3
-7.051e-24
0.45
0.4
0.25
0.4
0.2
-7.04032e-24
0.2
0.15
0.35
0.35
0.05
0.45
0.45
0.45
0.2
0.3
0.25
0.4
0.3
0.2
0.2
0.25
0.35
0.2
0.3
0.4
0.3
-7.04917e-24
0.4
0.15
0.35
0.05
0.35
0.35
0.1
0.3
0.1
0.15
0.45
0.1
0.35
0.4
-1.52927e-23
-1.43636e-23
0.4
0.1
0.4
0.25
0.15
0.3
0.35
0.1
0.35
0.15
0.1
0.05
0.05
0.45
0.1
0.05
0.25
0.2
0.4
0.05
0.35
0.35
0.05
0.4
-9.8546e-24
-1.24314e-23
0.35
0.25
0.15
0.4
0.45
0.3
0.05
0.05
0.35
0.15
0.4
0.4
0.3
0.3
-7.04847e-24
0.05
0.25
0.1
0.3
-7.04471e-24
0.15
0.05
0.45
0.05
0.1
0.35
0.1
-1.22938e-23
0.3
0.3
0.35
0.25
-7.02696e-24
0.15
0.25
0.45
0.15
0.25
0.2
0.45
0.45
-7.04817e-24
0.05
0.1
0.25
0.2
0.25
0.25
0.4
0.3
0.25
0.25
0.25
-8.71726e-24
0.35
0.45
0.2
0.05
0.3
0.2
0.35
0.4
0.05
-7.02911e-24
0.2
0.45
-7.04794e-24
-7.04779e-24
0.3
0.45
0.45
0.15
-7.04811e-24
0.25
0.3
0.35
0.2
0.35
0.35
0.2
0.35
0.25
0.25
0.45
0.05
0.4
0.1
0.15
0.35
0.05
0.15
0.3
-7.04521e-24
0.35
0.45
0.1
0.05
-7.04823e-24
0.35
-7.04811e-24
0.05
0.05
0.3
0.35
0.2
0.35
0.4
0.3
0.25
0.25
0.25
0.05
0.1
0.1
0.05
0.05
0.35
0.35
0.35
0.15
0.3
0.35
0.1
0.15
0.25
-7.04812e-24
0.4
0.3
0.25
0.2
0.1
0.15
0.1
0.45
0.4
0.15
0.05
0.2
0.05
0.3
0.3
0.4
-7.02886e-24
0.3
0.25
0.25
0.3
0.3
0.05
-7.04748e-24
0.15
0.35
0.05
0.15
0.3
0.2
0.2
-7.04811e-24
0.15
0.35
0.4
0.35
-7.05714e-24
0.05
0.1
0.45
0.2
0.2
0.15
-7.1035e-24
-7.09271e-24
0.25
0.05
0.45
0.3
0.3
0.15
0.3
0.15
0.1
-7.04811e-24
0.3
0.2
0.2
0.45
0.3
0.25
0.45
0.05
0.2
0.35
0.25
0.45
0.45
0.35
0.35
0.25
0.1
0.05
0.25
0.4
0.1
0.15
0.25
0.05
0.4
-7.04813e-24
-7.04811e-24
0.45
0.1
0.15
-0.008
-1.20696e-24
0.05
0.25
-1.20696e-24
0.45
0.3
0.45
0.45
0.35
0.05
0.4
-1.20696e-24
-1.20697e-24
0.25
0.3
0.4
0.25
-1.20696e-24
-1.20696e-24
0.35
0.05
0.1
0.25
0.45
0.1
0.2
0.45
-1.20696e-24
0.35
0.45
0.35
0.1
0.05
0.25
0.15
0.25
0.45
0.05
0.15
0.35
0.1
0.2
0.15
-1.20703e-24
0.3
0.25
0.05
0.15
0.2
0.25
0.45
0.4
-1.20696e-24
0.3
0.15
0.3
0.35
-1.20696e-24
-1.20696e-24
0.35
0.1
-1.20696e-24
0.3
0.4
0.25
0.25
0.35
0.45
0.4
0.45
0.35
0.45
0.15
-1.20771e-24
0.45
0.45
0.2
0.35
0.05
0.25
0.25
0.1
0.3
0.2
0.15
0.15
0.45
0.2
0.35
0.05
-1.20653e-24
0.05
0.3
0.25
0.45
0.1
0.45
0.45
0.1
0.05
0.2
0.35
0.2
0.1
0.35
0.4
0.15
0.35
0.3
-1.20697e-24
0.05
0.2
-1.20696e-24
0.15
0.3
0.25
0.2
0.45
0.4
-1.20474e-24
0.4
0.35
0.25
0.25
0.25
0.3
0.1
0.35
0.45
0.25
0.35
-1.34044e-24
0.15
0.45
0.25
-1.21111e-24
0.3
0.3
0.25
-1.20698e-24
0.4
0.05
0.3
-1.20696e-24
0.25
0.15
0.05
0.25
0.25
0.4
-1.21134e-24
0.15
0.2
0.05
0.4
0.1
0.45
0.2
0.2
0.05
0.25
0.3
0.25
0.2
0.2
0.45
0.35
0.4
0.3
0.1
0.35
-1.20687e-24
0.15
0.2
0.05
0.2
0.05
0.4
0.3
0.1
0.45
0.45
-2.00817e-24
0.35
0.25
0.3
0.15
0.4
0.35
0.25
-1.2264e-24
-1.21842e-24
-1.21259e-24
0.3
0.15
0.05
0.25
0.4
0.05
0.45
0.1
0.05
0.25
0.45
0.3
0.25
-1.12721e-24
0.45
-1.31703e-24
0.4
0.3
0.45
0.15
0.45
0.3
0.45
0.35
0.2
0.15
0.3
0.35
0.25
0.25
0.45
-1.20697e-24
0.45
0.1
0.25
0.05
0.35
0.1
0.45
0.45
0.25
0.25
0.35
0.05
0.25
0.1
0.45
0.3
0.1
0.2
0.15
0.25
0.3
0.35
0.4
0.15
0.05
-1.20749e-24
0.3
0.2
0.1
0.3
0.45
0.05
0.1
-1.16777e-24
0.35
0.1
0.4
0.35
0.3
0.05
-1.6982e-24
0.3
0.3
0.15
0.3
0.1
0.25
0.45
0.1
0.45
0.45
0.1
0.4
0.1
0.3
0.15
-1.2065e-24
0.25
0.35
0.15
0.35
-1.16846e-24
0.1
0.45
0.3
-1.08417e-24
0.35
0.25
0.35
0.2
0.45
0.15
0.35
-1.11542e-24
0.4
0.2
0.3
0.35
0.3
0.25
0.3
0.4
0.45
0.3
0.25
-1.20545e-24
0.25
0.15
0.25
0.25
0.1
0.2
0.15
0.4
0.25
-1.34165e-24
0.05
0.05
0.25
0.3
0.45
0.2
0.15
0.45
0.25
0.1
0.4
-1.20717e-24
0.05
0.45
0.4
0.1
0.45
0.2
0.4
0.45
0.05
0.3
0.3
0.2
0.1
-1.18152e-24
0.35
0.05
0.2
0.2
0.15
0.45
0.05
0.2
0.3
0.05
0.2
0.25
0.25
0.05
0.2
0.3
0.05
0.05
0.2
0.3
0.3
0.3
0.35
0.25
0.4
0.25
0.35
0.35
0.3
0.3
0.1
0.45
0.15
0.4
0.3
0.15
-1.17146e-24
0.45
0.3
0.4
0.15
0.1
0.2
0.25
0.2
0.45
0.25
0.3
0.15
0.35
0.2
0.2
0.1
0.4
0.3
0.1
0.05
0.4
0.2
0.3
0.1
0.35
0.2
0.4
0.05
0.35
0.45
0.15
0.3
0.1
0.3
0.1
0.4
0.45
0.45
0.45
-1.20711e-24
0.05
0.25
0.05
0.05
0.2
0.05
0.05
0.45
-1.56668e-24
0.05
0.4
0.05
0.3
-1.06228e-24
0.05
0.35
0.35
0.25
0.1
0.25
-1.19798e-24
0.1
0.2
0.1
0.35
0.1
0.05
0.35
0.35
0.2
0.4
0.45
0.15
0.45
0.1
0.3
0.1
0.25
0.2
0.1
-1.09834e-24
0.05
0.1
0.45
0.35
0.25
0.45
0.05
0.15
0.25
0.45
0.2
0.05
0.3
0.45
0.25
-1.20683e-24
0.45
0.15
0.15
0.25
0.4
-1.23855e-24
-1.43256e-24
0.05
0.15
0.35
0.1
0.1
0.1
0.15
0.35
0.2
0.3
0.45
0.05
0.2
0.05
0.45
0.2
0.25
0.2
-1.2068e-24
0.35
0.05
0.05
0.05
0.4
0.45
0.25
0.45
0.3
0.05
0.35
0.25
0.1
0.35
0.1
0.4
0.3
0.2
0.15
0.35
0.45
0.3
0.4
0.2
0.25
0.05
0.25
0.2
0.15
0.15
0.4
0.4
0.4
0.1
0.35
0.1
0.3
0.4
-2.44082e-24
-2.26885e-24
-1.72566e-24
0.2
0.15
0.1
0.4
0.1
0.4
-1.19674e-24
0.4
0.25
-1.20428e-24
0.3
0.45
-1.20696e-24
0.45
-1.20693e-24
0.3
0.4
-1.20637e-24
0.05
0.05
0.3
0.15
0.4
0.05
-2.12734e-24
0.3
0.4
0.35
0.45
0.05
0.05
0.15
0.1
0.1
0.35
0.2
0.2
0.05
0.05
0.05
0.4
0.45
0.2
0.25
0.1
0.25
0.05
0.15
0.35
0.4
0.15
0.1
0.3
0.4
0.45
0.35
0.05
0.45
0.1
0.45
0.45
0.2
0.15
0.4
0.25
0.05
0.35
0.4
0.25
0.1
0.3
0.4
0.05
0.15
0.4
0.3
0.2
0.3
0.4
-1.79699e-24
0.2
0.35
0.25
0.35
0.45
0.45
-1.22965e-24
0.35
0.05
0.3
-1.20529e-24
0.05
0.2
0.15
0.35
0.4
0.25
0.05
0.25
0.3
0.35
0.35
0.1
0.35
0.2
0.25
0.15
0.25
0.3
-1.77934e-24
0.05
0.4
0.35
0.15
0.45
0.15
0.05
0.2
0.2
0.2
0.1
0.05
0.05
0.1
0.15
0.05
0.2
0.35
0.3
0.1
0.4
0.4
0.2
0.4
0.4
0.05
0.3
0.05
0.15
0.3
0.45
0.35
0.05
0.4
0.3
0.25
0.3
0.2
0.4
0.45
0.45
0.35
0.2
0.15
0.4
0.45
0.35
-1.20528e-24
0.35
0.4
0.15
0.2
0.45
0.2
-1.10069e-24
0.3
0.15
0.15
0.4
0.25
0.1
0.4
0.25
0.35
0.4
-1.20699e-24
0.1
0.2
0.3
0.35
0.05
0.25
-1.20696e-24
0.3
0.45
0.35
0.4
0.3
0.4
-1.18965e-24
0.35
0.4
0.1
0.25
0.05
-1.17248e-24
0.25
0.35
0.2
0.35
0.2
0.1
0.05
0.05
0.1
0.4
0.4
0.25
0.3
0.45
0.35
0.05
0.35
0.1
0.3
0.05
0.1
0.25
0.2
0.25
0.25
0.1
0.4
0.25
0.1
0.2
0.05
0.2
0.3
0.15
0.3
0.25
0.45
0.4
0.1
-1.20696e-24
0.004
0.05
0.45
0.15
0.1
0.35
0.1
0.4
0.1
0.2
1.54787e-23
0.05
0.35
0.05
0.05
1.54784e-23
0.05
0.15
0.15
0.3
0.1
0.45
0.35
1.54787e-23
0.15
0.45
0.35
0.4
0.45
0.45
0.3
1.54787e-23
0.05
0.25
0.3
0.05
0.35
0.15
0.2
0.15
0.35
0.2
0.45
0.15
0.2
0.3
0.1
0.05
0.25
0.35
0.05
0.15
0.2
0.1
0.2
0.25
1.54787e-23
0.05
0.3
0.05
0.1
0.05
0.1
0.15
0.1
0.2
0.35
0.4
0.45
0.1
0.1
0.05
0.4
0.05
0.2
0.45
0.45
0.3
0.35
1.5472e-23
0.4
0.1
0.15
0.25
1.54787e-23
1.54787e-23
0.05
1.54788e-23
0.45
1.54786e-23
0.1
0.15
1.54663e-23
0.35
0.35
0.3
0.4
0.4
0.1
0.2
0.1
0.25
0.15
0.3
0.45
0.15
0.1
0.1
0.2
0.15
0.25
0.3
1.54787e-23
0.2
0.3
0.15
0.2
0.05
0.25
0.2
0.2
0.2
0.1
0.05
0.45
0.4
1.79092e-23
0.45
0.15
0.3
0.05
0.2
0.1
0.45
0.45
0.3
0.1
0.2
0.05
0.45
0.45
0.25
0.4
0.4
0.2
0.45
0.05
0.05
0.3
0.4
0.35
0.35
0.15
0.35
0.15
0.05
0.35
2.39983e-23
0.4
0.35
0.1
0.1
0.45
0.3
0.35
0.4
0.2
0.2
0.25
0.45
0.2
0.4
1.54916e-23
0.15
0.15
0.25
0.4
1.57074e-23
0.05
0.2
0.4
0.25
0.3
0.25
0.1
0.2
2.23966e-23
0.35
0.2
0.45
0.2
0.05
0.35
0.4
0.2
0.35
0.2
0.2
0.2
0.05
0.1
0.2
0.1
0.3
1.57147e-23
0.15
1.58628e-23
0.05
1.60875e-23
0.1
0.3
0.2
0.2
0.2
0.25
0.35
0.25
0.15
0.4
1.52252e-23
0.45
0.15
0.4
0.25
1.54776e-23
0.25
1.54797e-23
1.54817e-23
0.15
0.35
0.3
0.25
0.05
0.45
1.56159e-23
0.25
0.35
0.05
0.25
0.3
0.1
0.25
0.35
0.1
0.15
0.3
0.05
1.50673e-23
0.4
1.51513e-23
1.52946e-23
0.05
0.3
0.05
0.45
0.2
0.35
0.35
0.15
0.3
0.25
1.54833e-23
0.35
0.25
0.15
0.2
0.05
0.2
0.4
0.45
0.1
0.45
0.3
0.05
0.15
0.25
0.25
0.35
0.05
1.5406e-23
0.4
1.5478e-23
0.45
0.2
0.45
1.54884e-23
0.1
0.35
0.1
0.3
0.3
0.15
0.25
0.4
0.1
0.2
0.3
0.1
0.4
0.1
0.25
0.45
0.3
0.05
0.4
0.35
0.05
0.35
0.4
0.3
0.35
0.1
0.35
0.1
0.35
0.4
0.2
0.45
0.3
0.3
0.15
0.25
0.15
0.45
0.15
0.35
0.3
0.35
0.3
0.1
1.53635e-23
0.35
0.25
0.2
0.25
0.05
1.54792e-23
0.15
1.54798e-23
0.05
0.2
0.15
1.54687e-23
0.25
0.05
1.50109e-23
0.15
0.1
0.15
0.25
0.3
0.25
0.4
0.4
0.15
1.51943e-23
0.15
0.35
0.45
0.4
0.25
0.1
0.1
0.1
0.3
0.35
0.3
0.3
0.2
0.25
0.35
1.53521e-23
0.05
0.3
0.35
0.05
0.4
0.3
2.86682e-23
0.4
0.1
0.05
0.05
0.3
1.4908e-23
1.51036e-23
1.52702e-23
0.2
0.25
1.5317e-23
0.25
0.15
0.05
1.54783e-23
0.35
0.4
0.45
0.05
0.3
0.3
0.15
0.2
0.15
0.1
0.35
0.1
0.15
0.25
3.07472e-23
0.3
0.25
0.15
0.35
0.2
0.4
0.1
0.35
0.15
0.15
0.25
0.15
0.25
0.45
0.1
0.4
0.1
0.05
0.25
1.49669e-23
0.4
0.15
0.35
0.05
0.4
0.35
0.2
0.2
0.25
0.05
0.1
0.05
0.3
0.25
0.2
0.05
0.25
0.35
0.05
0.3
0.15
0.05
0.45
0.3
1.54563e-23
0.25
0.05
0.4
0.35
0.15
0.05
0.3
0.1
0.45
0.2
0.4
0.35
1.43319e-23
0.05
0.15
0.15
0.1
0.2
0.45
0.35
0.45
0.25
0.25
0.05
0.25
0.25
1.54788e-23
0.25
0.45
0.2
0.4
0.15
0.4
0.1
1.55633e-23
0.2
0.3
0.1
0.45
0.1
0.15
0.4
1.45604e-23
1.48948e-23
0.4
0.15
0.3
0.35
0.05
0.2
0.25
0.3
0.1
0.45
0.45
0.3
0.4
0.35
0.25
0.15
0.4
0.1
0.05
0.45
0.15
0.2
0.15
0.15
0.15
0.05
0.4
0.2
0.2
0.45
0.35
0.1
0.3
0.05
0.4
0.3
0.3
0.35
0.35
0.25
1.53066e-23
0.15
0.1
1.47663e-23
0.05
0.2
0.05
0.15
0.15
0.3
2.18584e-23
0.05
0.45
0.1
0.45
0.1
0.45
0.4
0.25
1.53836e-23
0.3
0.4
0.45
0.35
0.15
0.15
0.3
0.15
0.4
0.05
0.35
1.51403e-23
0.3
0.25
2.02333e-23
0.15
2.96354e-23
0.2
0.45
0.1
0.45
0.15
0.25
0.15
0.05
0.25
0.25
0.15
0.35
0.45
0.2
0.15
0.45
0.4
0.2
0.05
0.1
0.3
0.4
0.35
0.2
1.89216e-23
0.35
0.15
0.25
0.05
0.35
0.3
0.3
0.05
0.3
0.2
0.1
0.05
0.25
0.35
0.45
0.15
0.05
1.54788e-23
0.2
0.35
0.45
0.05
0.3
0.15
0.15
0.1
0.3
0.05
0.2
0.15
0.15
0.25
0.25
0.15
0.4
0.2
0.35
0.1
0.2
0.4
0.4
0.35
0.15
0.25
0.25
1.54787e-23
0.2
0.3
0.25
1.55155e-23
0.3
0.05
1.60704e-23
0.15
0.25
0.15
0.1
0.2
2.66424e-23
0.1
0.15
0.4
1.66004e-23
0.25
0.35
0.05
0.3
0.25
0.4
0.05
0.2
0.25
0.4
0.3
0.25
1.54794e-23
0.25
0.2
1.55289e-23
0.15
0.35
0.4
0.4
0.25
0.2
0.35
0.35
0.05
0.45
0.3
0.25
0.3
1.54486e-23
0.45
0.2
0.45
0.45
0.45
1.54788e-23
0.05
0.15
0.45
0.35
0.4
0.2
0.4
0.45
0.1
0.4
0.35
0.1
0.25
0.4
1.60632e-23
0.3
0.45
0.4
0.35
0.25
0.4
0.25
0.25
0.05
0.1
0.35
0.25
0.4
1.54787e-23
0.15
0.25
0.05
0.4
0.4
0.2
0.15
0.35
0.1
0.15
0.3
0.2
1.56658e-23
0.05
1.56682e-23
0.35
0.1
0.1
0.15
0.1
0.4
0.4
0.1
0.25
0.4
0.35
0.45
0.1
0.05
0.1
0.35
0.1
0.45
0.05
0.25
0.2
0.3
0.05
0.45
0.15
0.1
0.25
0.35
0.3
1.54882e-23
0.15
0.35
0.45
1.5479e-23
0.05
0.25
0.4
0.35
0.3
0.35
0.45
0.2
-0.01
-3.35104e-24
-3.35104e-24
-3.35104e-24
0.1
0.1
0.35
-3.35104e-24
-3.35104e-24
0.05
0.45
0.3
0.15
0.45
0.35
0.1
0.3
0.45
0.05
0.4
0.4
0.1
0.15
0.15
0.15
0.1
0.05
0.25
0.35
-3.35104e-24
0.2
0.15
0.15
0.35
0.35
0.1
0.35
0.45
-3.35091e-24
-3.35089e-24
0.2
0.35
0.05
0.3
0.3
-3.34894e-24
0.45
0.4
0.1
-3.35093e-24
0.1
0.2
0.2
0.1
0.25
0.25
0.2
0.3
0.05
0.2
0.3
0.1
0.4
0.2
0.2
0.15
0.1
0.35
-3.35083e-24
0.25
0.1
0.2
0.15
0.3
0.4
-3.34239e-24
-3.34505e-24
0.35
0.25
-3.35086e-24
0.45
0.35
0.25
-3.35104e-24
0.15
-3.35104e-24
0.15
0.4
0.25
0.4
0.45
0.4
-3.35086e-24
0.45
0.2
0.45
0.15
0.05
0.4
0.35
0.45
0.15
0.15
0.15
0.1
0.2
0.4
0.1
0.15
0.05
0.15
0.45
0.05
0.3
0.15
0.3
0.45
-3.3521e-24
0.25
0.4
-3.35381e-24
0.2
0.05
0.35
0.35
0.45
0.45
0.2
0.35
0.4
0.1
0.2
0.3
-3.52397e-24
0.4
0.2
0.1
0.3
0.15
0.2
0.25
0.35
0.1
0.25
0.2
0.1
0.25
-3.35523e-24
0.05
0.05
0.45
0.25
0.4
0.35
0.1
0.15
0.25
0.35
0.15
0.2
0.3
0.25
0.1
0.4
0.3
0.35
0.2
0.3
0.45
0.25
0.15
0.35
0.25
0.35
0.3
0.1
-3.35067e-24
0.45
0.45
0.2
0.15
0.2
0.25
0.25
0.45
0.1
0.25
0.45
0.3
0.05
0.25
0.05
-3.3827e-24
0.05
0.1
0.05
-3.35129e-24
0.45
0.05
0.15
0.05
0.05
0.35
0.2
0.2
0.2
0.45
0.4
0.25
-3.77495e-24
0.1
0.05
0.45
0.4
0.35
0.4
0.45
0.15
0.45
0.35
0.3
0.05
0.2
0.05
0.4
0.3
0.25
0.2
0.1
0.35
0.15
-3.30133e-24
0.45
0.35
0.3
0.05
0.1
0.45
-4.57532e-24
0.25
0.1
0.4
0.45
0.15
0.4
0.05
0.25
0.45
0.45
0.1
0.1
0.2
0.2
0.25
0.2
0.4
0.05
0.05
-3.3153e-24
0.15
-3.2635e-24
0.05
0.15
0.45
0.05
0.15
0.35
0.25
0.05
0.15
0.2
0.15
0.4
0.15
0.3
0.4
0.25
0.25
0.25
-3.35359e-24
0.45
0.4
-3.35043e-24
0.35
0.25
0.1
0.4
0.3
0.05
0.35
0.25
0.2
0.25
-3.60595e-24
0.25
0.45
0.25
0.3
-4.06583e-24
0.1
0.4
0.25
0.45
0.1
0.05
0.2
0.35
-3.34885e-24
0.3
0.1
0.05
0.35
0.35
0.4
0.45
0.3
0.25
0.2
0.25
0.3
0.4
0.15
0.35
0.35
0.45
0.15
0.25
0.3
0.25
0.4
-3.35828e-24
0.2
0.45
0.1
0.45
0.25
0.15
0.05
0.45
0.05
0.15
0.4
0.4
0.2
0.1
0.2
0.45
0.45
0.2
0.1
0.35
0.25
0.1
-4.57556e-24
0.45
-3.20147e-24
0.1
0.35
0.45
0.25
0.3
0.1
0.25
0.45
0.2
0.25
0.35
0.05
0.15
0.25
0.25
0.35
-3.32407e-24
-3.32138e-24
0.25
0.15
0.3
0.4
0.4
0.4
0.1
0.4
0.35
0.45
0.25
0.15
0.45
0.15
0.35
0.15
0.2
0.15
0.2
0.45
0.15
0.05
0.2
0.35
0.15
-3.33238e-24
0.35
0.1
0.4
0.2
0.15
-3.81533e-24
-6.68993e-24
-9.02643e-24
0.35
0.45
0.3
0.05
0.3
0.25
-3.32228e-24
0.25
-3.32085e-24
0.05
0.1
0.4
0.3
0.1
-3.35105e-24
0.3
0.05
-3.34894e-24
0.4
0.35
0.15
0.35
0.25
0.15
0.15
0.25
-7.22935e-24
0.2
0.2
0.15
0.45
0.45
-3.27334e-24
0.05
0.15
0.35
0.35
0.3
-3.34046e-24
0.45
0.4
0.1
0.05
0.2
0.15
0.05
-3.34783e-24
0.25
0.35
0.2
0.45
0.35
0.15
0.35
0.35
0.4
0.3
0.25
0.35
0.2
0.05
-3.30639e-24
-3.31901e-24
0.1
0.15
0.45
0.45
0.3
0.35
0.2
0.15
0.45
0.15
0.35
0.1
0.05
0.45
0.15
0.45
-3.37776e-24
0.3
0.05
0.4
0.2
0.15
0.1
0.3
0.35
0.3
0.2
0.45
0.2
0.3
0.1
-3.34737e-24
0.3
0.45
0.1
0.45
0.2
0.2
0.4
-3.36154e-24
0.05
0.25
0.05
0.25
0.45
0.4
0.15
0.3
0.3
0.35
0.3
0.45
0.25
0.2
0.3
0.05
0.4
0.45
0.35
0.35
0.45
0.05
0.3
0.05
0.05
0.4
0.45
0.2
0.1
0.1
-3.42357e-24
0.2
0.05
0.45
0.45
0.25
0.25
0.05
0.05
0.45
0.25
0.25
0.45
0.45
0.4
0.1
0.35
0.1
0.25
0.2
0.1
0.15
0.3
0.3
0.35
0.45
0.1
0.2
0.25
0.45
0.1
0.4
0.35
0.4
0.3
0.45
0.1
0.35
0.25
0.3
-3.35186e-24
0.3
0.3
0.45
0.1
0.45
0.45
0.35
-3.35105e-24
0.25
0.05
0.05
0.4
0.35
0.25
0.05
-3.62716e-24
0.05
0.2
0.4
0.3
-5.80853e-24
0.3
0.4
0.45
0.3
0.1
0.35
0.15
-3.35035e-24
0.15
0.25
0.05
0.15
0.1
0.15
0.1
0.05
-3.35155e-24
0.45
0.2
0.4
-3.41488e-24
0.25
0.05
0.25
0.1
-4.81394e-24
0.1
-5.5645e-24
0.35
0.2
0.35
0.25
-3.42135e-24
-3.37202e-24
0.05
0.2
0.4
0.4
0.45
0.15
0.45
0.05
0.45
0.2
0.3
0.45
0.2
0.1
0.25
0.15
0.45
-3.93829e-24
0.15
0.1
-4.978e-24
0.3
0.4
0.2
0.05
0.2
0.25
0.15
0.4
0.45
0.25
0.45
0.05
0.4
0.15
0.4
0.15
0.1
0.2
0.1
0.35
0.45
0.35
0.1
0.45
0.05
0.15
0.25
0.45
0.25
0.25
0.2
0.4
-3.40034e-24
-3.36144e-24
0.2
0.1
0.3
0.25
0.45
0.2
0.15
0.25
0.25
-3.35104e-24
0.35
0.45
0.35
0.1
0.15
0.4
-3.34907e-24
0.05
0.4
0.35
0.2
-3.28462e-24
0.4
0.45
0.05
0.35
0.25
0.3
0.3
0.1
0.35
0.3
0.25
0.35
0.4
0.25
0.4
0.45
-3.35104e-24
0.2
0.15
0.45
0.35
0.05
0.3
0.2
0.35
0.2
-3.31236e-24
0.4
0.05
0.05
0.05
0.45
0.35
0.35
0.2
0.15
0.25
-3.35076e-24
0.2
0.35
0.45
0.25
0.45
0.2
0.45
0.4
0.05
0.4
0.3
0.35
0.1
0.4
0.1
0.1
0.2
0.2
0.25
-3.33825e-24
0.1
-3.3458e-24
0.4
0.15
0.1
0.1
0.25
0.3
0.1
0.4
0.05
0.35
0.2
-0.01
0.45
0.25
4.08796e-23
4.08796e-23
0.4
4.08796e-23
0.3
0.3
0.35
0.1
0.15
0.4
0.4
0.15
0.05
0.45
0.15
0.35
0.3
0.3
0.2
0.4
0.35
0.25
0.15
0.4
0.3
0.25
0.1
0.25
0.45
0.4
0.3
0.1
0.45
0.1
0.35
0.1
0.15
0.45
0.45
0.25
0.1
0.05
0.1
0.15
0.15
0.2
4.08832e-23
0.4
0.15
4.08799e-23
0.1
4.08796e-23
0.35
0.45
0.2
0.45
4.08796e-23
0.25
0.05
0.45
0.45
0.25
0.35
0.4
0.2
0.4
0.05
0.3
0.45
0.2
0.4
4.10633e-23
0.35
4.10387e-23
0.4
4.08946e-23
0.2
0.1
0.35
0.45
0.3
0.05
0.35
0.2
4.08797e-23
0.3
0.15
0.25
0.2
0.15
4.08606e-23
0.35
0.4
0.1
0.2
0.45
0.35
0.05
0.35
0.3
0.45
0.05
4.11633e-23
0.35
4.09244e-23
0.05
0.3
0.05
0.1
0.4
0.3
0.2
0.25
0.2
0.15
0.2
0.4
0.1
0.4
0.3
0.05
4.17144e-23
4.41495e-23
0.3
0.15
0.1
0.15
0.05
0.05
0.15
4.27392e-23
0.2
4.12236e-23
0.15
0.4
0.05
0.45
0.25
0.2
0.1
0.1
0.05
0.3
0.2
0.2
0.3
0.1
0.05
0.1
0.15
0.35
0.35
0.05
0.25
0.4
5.89579e-23
0.45
0.4
0.25
0.05
0.15
0.45
0.4
0.4
0.2
0.3
0.05
0.15
0.2
0.45
0.05
0.15
0.15
0.25
0.2
0.15
0.35
0.2
0.35
0.15
6.94983e-23
7.28057e-23
0.45
6.10089e-23
0.45
0.1
0.15
0.1
0.4
0.05
0.35
0.05
0.35
0.05
0.15
0.35
0.05
0.25
0.3
0.35
0.35
0.1
0.1
0.1
0.15
0.35
0.2
0.3
0.1
7.39427e-23
0.15
0.05
0.35
0.45
0.45
4.1607e-23
0.35
0.2
0.15
0.2
0.2
0.4
0.15
0.1
0.05
4.07497e-23
4.05782e-23
0.45
0.35
0.15
0.45
0.1
0.35
0.25
0.4
0.35
0.3
0.35
0.1
0.15
0.25
0.25
0.4
0.45
0.15
0.15
0.25
0.4
0.35
0.2
0.2
0.1
0.35
0.4
0.1
0.45
0.35
0.35
0.2
0.25
0.3
0.45
0.25
0.3
0.15
0.25
0.45
0.3
0.25
0.35
0.15
0.05
0.1
0.25
0.05
0.1
0.4
0.2
0.1
4.08593e-23
0.3
0.25
0.25
0.25
0.15
0.15
0.05
0.1
0.25
0.4
0.45
6.0637e-23
0.45
0.4
0.1
0.15
0.05
0.35
0.25
0.45
0.3
0.4
4.1221e-23
0.4
0.1
0.45
0.05
0.1
0.35
0.05
0.15
0.2
0.2
0.3
0.05
0.05
0.1
0.2
0.1
0.05
0.4
0.3
0.1
0.2
3.85682e-23
0.45
0.15
0.15
0.35
0.35
0.05
0.1
0.35
0.05
0.3
0.1
4.07981e-23
0.05
0.4
0.15
0.1
0.35
0.3
0.4
0.35
4.51847e-23
0.45
0.35
0.2
0.05
0.1
0.1
0.25
0.15
0.2
0.35
0.45
0.15
0.05
0.2
0.4
4.08622e-23
4.08812e-23
0.1
0.45
4.0793e-23
0.3
0.1
0.15
0.2
0.35
0.35
0.35
0.25
0.1
0.2
1.09733e-22
0.2
0.45
0.05
0.25
0.25
0.4
0.25
4.06105e-23
4.05892e-23
0.05
0.2
0.2
0.3
0.2
0.3
0.1
0.15
0.2
0.05
4.09339e-23
0.45
0.1
0.1
0.25
0.05
0.45
8.35717e-23
0.05
8.21536e-23
0.3
0.05
0.35
0.3
0.25
0.1
0.35
0.3
4.073e-23
0.05
0.25
0.45
0.2
0.2
4.08802e-23
0.25
0.05
0.3
0.25
0.05
0.2
0.05
4.55761e-23
0.05
0.1
0.15
0.35
0.4
0.3
0.05
0.1
0.15
0.1
0.1
0.1
0.25
0.15
0.3
4.08484e-23
0.05
0.05
0.1
0.15
0.35
0.4
0.45
0.45
0.45
0.3
0.1
0.2
0.45
0.25
0.1
1.01107e-22
6.63699e-23
0.15
0.45
0.05
0.1
0.05
0.3
0.1
0.35
0.15
0.25
0.1
0.25
0.45
0.05
0.15
0.25
0.4
0.05
0.4
0.25
0.45
4.16866e-23
0.45
0.15
0.2
0.15
0.05
6.25638e-23
0.15
0.1
0.35
0.35
0.2
0.25
0.35
0.35
0.05
0.3
0.2
4.08745e-23
0.3
0.15
0.05
0.05
0.35
0.3
0.25
4.11961e-23
0.45
0.3
4.4559e-23
0.4
0.25
0.45
0.05
6.14042e-23
0.2
0.3
4.17551e-23
0.25
0.05
0.35
0.25
0.15
0.15
0.25
0.3
4.08928e-23
4.08797e-23
0.25
0.2
0.05
0.45
0.4
0.4
0.05
0.45
0.2
4.67917e-23
0.25
0.3
0.2
0.3
0.25
0.05
0.2
4.17837e-23
0.35
0.3
0.45
0.1
4.07724e-23
4.08016e-23
0.35
0.2
0.35
0.25
0.45
0.4
0.15
0.2
0.2
0.35
0.4
0.4
0.3
0.35
0.35
0.25
0.35
0.4
0.4
0.2
0.05
0.4
0.05
0.1
0.45
4.07994e-23
0.15
0.35
0.2
0.35
4.08804e-23
0.4
0.35
0.3
0.4
0.15
0.35
0.25
0.05
0.2
0.45
0.35
0.05
0.3
0.45
0.2
0.45
0.15
0.4
4.19387e-23
0.4
4.08714e-23
0.45
4.08551e-23
0.15
0.35
0.2
0.05
0.2
4.08798e-23
0.05
0.4
0.4
4.0888e-23
0.05
0.05
0.25
0.45
0.45
0.15
0.15
0.15
0.4
0.4
0.25
0.3
0.05
0.4
4.13153e-23
0.3
0.45
0.3
0.25
0.35
0.05
0.45
0.05
0.25
0.45
0.1
0.35
0.35
0.3
0.25
0.05
0.15
0.05
4.99572e-23
0.25
0.2
0.4
0.25
0.1
0.1
0.3
0.45
0.25
0.05
0.25
0.35
0.2
0.05
0.45
0.1
0.1
0.2
0.45
0.35
4.08769e-23
4.08401e-23
0.2
0.15
0.1
0.45
4.15072e-23
0.4
0.4
0.35
0.1
0.4
0.1
0.05
0.25
0.1
0.25
0.1
0.25
0.3
0.25
0.05
0.25
0.2
0.25
0.25
0.1
0.3
0.4
0.35
0.3
0.05
0.05
0.3
0.15
0.4
0.15
0.25
0.15
0.3
0.2
4.04533e-23
4.08896e-23
0.25
0.15
4.0919e-23
0.1
0.2
0.3
0.05
0.2
0.05
0.45
4.08796e-23
0.1
0.15
0.3
0.3
0.15
0.15
0.25
0.4
0.15
0.25
0.25
3.96494e-23
3.94266e-23
0.35
0.15
0.35
0.05
0.05
0.3
0.25
0.15
0.25
4.08793e-23
0.4
0.1
0.25
0.4
0.15
0.35
0.25
0.1
0.1
0.25
0.3
0.15
0.1
0.25
0.3
0.25
0.3
0.2
0.35
0.15
0.25
0.1
0.05
0.15
0.05
0.3
0.05
0.45
0.05
0.35
0.05
0.45
0.009
0.25
0.25
0.05
0.15
0.05
0.05
0.2
0.05
-3.86261e-24
0.4
0.25
-3.86261e-24
0.4
0.45
0.35
0.3
-3.86261e-24
-3.86261e-24
0.3
0.15
0.25
0.05
0.25
0.4
0.3
0.05
0.3
0.25
0.25
0.25
0.05
-3.86261e-24
0.45
0.15
-3.86261e-24
0.2
0.4
-3.86232e-24
0.2
0.45
0.25
0.05
0.15
0.45
0.35
0.1
0.35
0.3
0.2
0.1
0.45
0.35
0.05
0.25
0.35
0.35
0.35
0.4
0.05
0.35
0.35
0.25
0.35
0.3
0.1
0.4
0.15
0.1
0.3
0.35
0.15
0.1
0.4
0.05
0.45
0.4
0.4
0.15
0.4
0.15
0.25
-3.86261e-24
0.1
0.1
0.4
0.45
0.2
0.35
0.15
0.05
0.35
0.25
0.45
-3.85953e-24
0.35
0.15
-3.83764e-24
0.45
0.45
0.3
0.35
0.15
0.1
0.1
0.35
0.15
0.05
0.35
0.4
0.15
0.45
0.2
-3.86261e-24
0.2
0.3
0.3
0.4
0.05
0.4
0.35
0.4
0.2
0.15
0.45
0.3
0.3
0.05
0.1
0.2
0.25
0.45
0.05
0.35
0.15
0.3
0.45
0.45
0.35
0.4
-3.86262e-24
0.25
0.45
0.05
0.45
0.35
0.2
0.15
-3.85644e-24
0.4
-3.85699e-24
0.1
0.25
-4.24413e-24
0.25
-5.57518e-24
0.35
0.2
0.45
0.4
0.45
0.3
0.35
0.35
0.45
0.25
0.3
0.2
0.2
0.05
0.25
0.3
0.05
0.45
0.25
0.05
0.1
0.45
0.25
0.25
0.05
0.45
0.15
0.35
0.35
0.45
0.1
0.35
0.35
0.05
0.2
0.3
0.45
0.45
0.3
0.1
0.45
0.3
0.05
0.05
-3.85926e-24
0.25
0.3
0.1
0.1
-3.79646e-24
0.25
0.2
-3.89641e-24
0.3
0.45
0.25
0.05
0.15
0.15
0.2
0.3
0.3
0.25
0.15
0.35
0.35
0.15
-3.84601e-24
0.45
0.35
0.05
0.4
0.05
0.1
0.4
0.15
0.4
-3.82417e-24
0.05
0.05
0.45
0.2
0.35
0.45
-7.80746e-24
-7.34287e-24
-5.6465e-24
0.3
0.15
0.25
0.15
0.2
0.15
0.15
0.45
0.25
0.25
0.2
0.25
0.35
0.35
0.45
0.25
-3.82924e-24
0.1
0.4
0.35
0.25
0.2
0.1
0.1
0.3
0.2
0.15
0.1
0.05
0.45
0.15
0.05
0.05
0.35
0.45
-3.73867e-24
0.2
0.2
0.2
0.3
0.05
0.35
0.25
0.3
-3.85031e-24
-3.90628e-24
0.05
0.4
0.2
0.15
0.1
0.3
0.4
0.15
0.05
0.35
0.2
0.25
0.35
0.1
0.1
0.1
0.35
0.4
0.35
0.2
0.05
0.45
0.05
0.1
0.05
0.1
0.1
0.25
0.15
-4.09228e-24
0.3
0.05
0.15
0.1
0.45
0.3
0.1
0.2
0.25
0.35
0.35
0.2
0.2
-3.74778e-24
0.45
0.45
0.45
0.35
-3.86241e-24
0.05
0.4
0.15
0.45
0.05
0.3
0.2
0.3
0.45
0.4
0.05
0.4
0.2
0.3
-9.46513e-24
0.2
0.3
-4.03862e-24
0.2
0.2
0.2
0.45
0.4
0.3
0.45
0.45
0.2
0.25
0.1
0.05
0.2
0.3
0.45
0.05
0.2
0.15
0.25
0.05
0.4
0.2
0.2
0.45
0.25
0.15
0.3
0.05
0.4
0.45
0.4
0.2
0.1
0.4
0.3
0.35
0.3
0.45
0.35
-3.86179e-24
0.1
0.45
0.3
0.05
0.3
0.25
0.2
0.15
0.2
0.35
0.35
0.05
0.05
0.3
-4.12586e-24
-3.89201e-24
0.2
0.1
0.15
0.15
0.2
0.1
0.3
0.3
0.1
0.05
-3.86259e-24
0.1
0.2
0.2
0.45
0.45
0.15
0.35
0.05
-4.0165e-24
0.1
0.35
0.05
0.1
0.05
0.1
0.15
0.1
0.1
0.2
0.2
-3.84672e-24
0.05
0.05
0.05
0.15
0.3
0.4
0.25
0.1
0.1
0.25
-3.8201e-24
0.15
-3.88438e-24
0.2
0.45
0.45
0.15
0.15
0.15
0.35
0.25
0.15
0.4
0.3
0.4
-3.81343e-24
0.3
0.4
0.15
0.05
0.45
0.15
0.4
0.4
-3.86259e-24
0.35
0.25
0.25
0.25
0.05
0.1
0.15
0.15
0.3
0.1
0.2
0.05
0.1
0.2
0.15
-3.72944e-24
0.45
0.45
0.35
0.45
0.3
0.2
0.1
0.4
0.4
0.2
0.05
0.2
0.35
-3.862e-24
0.05
0.35
0.35
0.15
0.05
0.15
0.45
0.3
-6.40033e-24
0.25
0.3
0.25
-4.12773e-24
0.3
0.3
0.25
0.15
-3.83568e-24
0.35
0.4
0.05
0.05
0.05
0.2
0.05
0.15
0.25
-3.86236e-24
-3.85394e-24
0.1
0.05
-3.57322e-24
0.45
-3.67465e-24
0.4
0.25
0.3
0.05
0.2
0.35
-4.22926e-24
0.4
0.05
0.1
0.4
-3.8484e-24
0.25
0.15
0.15
0.05
0.35
0.2
0.25
0.4
0.45
0.3
0.05
0.4
0.45
0.2
0.4
0.2
0.15
0.4
0.4
0.35
0.45
0.1
0.1
0.25
0.45
0.2
0.15
0.05
0.25
0.45
0.4
0.45
0.05
0.25
0.15
0.25
0.1
0.35
0.15
-3.84449e-24
0.3
-3.68975e-24
0.4
0.15
0.45
0.15
0.15
0.05
0.1
0.15
0.45
0.45
0.1
0.1
0.25
0.3
0.05
-3.86066e-24
0.25
0.45
0.15
0.05
0.4
0.1
0.15
0.45
0.3
0.4
-3.82729e-24
0.45
0.4
0.1
0.05
0.1
0.4
0.15
0.25
-5.63721e-24
0.25
0.25
0.05
0.05
0.4
0.2
0.15
0.1
0.35
0.1
0.45
0.4
-3.86261e-24
0.4
0.4
0.45
0.05
0.4
0.1
0.45
0.1
-4.2335e-24
0.25
0.45
0.35
0.05
0.4
0.2
0.15
-4.29882e-24
0.25
0.25
0.45
-3.86806e-24
0.45
0.45
-3.86389e-24
0.2
0.25
0.3
0.35
0.35
0.1
0.1
0.35
0.3
0.1
0.05
0.4
0.1
0.15
0.15
0.05
0.15
0.4
0.1
0.3
0.35
0.2
-3.93516e-24
0.4
-3.86913e-24
-3.86318e-24
0.1
0.35
0.25
0.25
0.3
0.35
0.3
0.1
0.45
0.15
0.2
0.3
0.4
0.05
0.05
0.2
0.15
0.45
0.4
0.1
0.25
0.25
0.2
0.1
0.05
0.3
0.3
0.4
0.35
0.05
0.1
0.15
-3.86261e-24
0.2
-3.86261e-24
0.4
0.3
0.25
-3.86276e-24
0.15
0.4
0.1
0.15
0.25
-3.79708e-24
0.4
0.3
0.3
0.1
0.35
-3.89514e-24
0.2
0.05
0.2
0.2
0.45
0.4
0.25
0.4
0.25
0.2
0.05
0.4
0.25
0.1
0.05
0.05
0.25
0.1
0.45
0.45
0.15
0.15
0.45
0.3
0.3
0.45
0.35
0.2
0.35
0.45
-3.86269e-24
0.4
0.3
0.15
0.45
0.35
0.4
0.2
-0.001
0.05
0.3
0.2
0.3
0.2
0.45
0.1
0.1
0.35
0.1
0.15
0.4
0.25
0.35
0.35
0.2
-2.69562e-24
0.05
0.2
-2.69562e-24
0.1
0.25
0.15
0.3
0.3
0.35
0.45
0.05
0.45
0.45
0.05
0.3
-2.69562e-24
0.25
0.05
0.15
0.05
0.45
0.25
0.05
0.4
0.4
0.05
0.1
0.2
0.3
0.35
0.15
0.2
0.15
-2.69562e-24
0.25
0.15
0.35
0.25
0.05
0.1
0.2
0.35
-2.69562e-24
0.35
0.45
0.05
0.4
-2.69537e-24
0.35
0.25
0.4
0.05
0.35
0.3
0.35
0.05
0.05
0.45
0.1
0.05
0.35
0.45
0.1
0.1
0.25
0.25
0.3
0.25
0.1
0.35
0.15
0.1
0.35
0.1
0.25
0.35
-2.69482e-24
-2.6946e-24
0.35
0.35
0.2
0.35
0.1
0.1
0.2
0.15
0.25
0.4
0.05
0.05
0.4
-2.69559e-24
0.45
-2.69562e-24
0.45
0.2
0.3
0.35
0.05
0.1
0.05
0.25
0.45
0.1
0.3
0.45
0.4
0.35
0.15
0.25
0.15
0.25
0.05
-2.898e-24
0.35
0.25
-2.73752e-24
0.15
0.05
0.45
0.35
0.2
-2.69562e-24
0.4
0.4
0.45
0.05
0.2
0.35
0.05
0.15
0.4
0.05
0.4
0.15
-3.36249e-24
-3.99723e-24
0.35
0.45
0.25
0.25
0.4
0.25
0.35
-2.76873e-24
0.45
0.1
0.2
0.2
0.4
-2.69554e-24
0.15
0.1
0.05
0.4
0.05
0.25
0.3
0.1
0.2
0.4
-2.69251e-24
0.4
0.15
0.4
0.45
0.1
0.4
0.05
0.2
0.3
0.1
0.2
0.05
0.35
0.05
0.1
0.2
0.35
0.4
0.15
0.45
0.1
-2.69353e-24
0.3
0.2
0.1
0.05
0.4
-2.5975e-24
0.1
0.3
0.2
0.1
0.15
0.1
0.45
0.1
0.45
0.4
0.2
0.4
0.45
0.35
0.4
0.15
0.35
0.15
0.2
0.45
0.35
0.45
0.3
0.15
0.15
0.15
0.05
0.3
-2.566e-24
0.05
0.05
0.25
0.25
0.4
0.4
0.1
0.05
-2.67529e-24
-2.65802e-24
0.2
0.4
0.2
0.4
0.1
0.1
0.4
0.2
0.45
0.35
0.3
0.05
0.4
0.3
0.05
0.4
0.3
0.45
0.1
0.2
0.05
0.2
0.25
0.15
0.3
0.35
0.4
0.45
0.45
0.4
0.4
0.15
0.3
0.35
0.05
0.3
0.35
0.45
0.05
0.1
0.25
0.25
0.1
0.3
0.35
0.4
0.15
0.25
0.25
0.4
0.45
0.15
-2.68529e-24
0.3
0.25
0.35
0.1
0.3
0.2
0.25
0.2
0.1
-2.69547e-24
0.05
0.4
0.4
-2.68895e-24
0.25
0.3
0.15
-2.66046e-24
0.25
0.2
0.25
0.05
0.05
-6.55184e-24
0.45
0.45
0.1
0.45
0.4
0.25
0.25
0.1
0.45
0.4
0.25
0.15
0.4
-2.69561e-24
0.2
0.05
0.05
0.3
0.05
0.45
0.15
0.45
0.4
0.25
0.1
0.4
-4.74102e-24
0.35
0.15
0.2
0.35
0.35
0.25
0.2
0.45
-2.68806e-24
0.15
0.2
0.4
0.2
0.35
0.3
0.05
0.2
0.25
0.35
0.3
0.4
0.25
0.25
0.3
0.4
0.15
-2.91024e-24
0.05
-7.32709e-24
0.25
-3.05037e-24
0.3
0.4
0.2
0.4
0.15
0.3
0.4
-2.6891e-24
0.05
0.1
0.15
0.2
0.3
0.4
-2.69544e-24
0.15
-2.68841e-24
0.15
0.35
0.2
0.05
0.3
0.45
0.15
0.25
0.15
0.2
0.1
0.15
0.15
0.15
0.1
0.2
0.45
0.25
0.1
0.1
0.25
0.2
0.45
0.1
0.25
0.25
0.15
0.15
-2.68784e-24
0.2
0.3
0.3
0.45
0.45
0.35
0.3
0.3
0.1
-2.68588e-24
0.2
0.05
0.25
0.25
0.4
0.3
0.3
0.3
0.45
0.35
0.2
0.45
-2.69563e-24
0.35
0.1
0.4
0.45
0.4
0.45
-2.68448e-24
0.05
0.4
0.45
0.45
0.3
0.15
0.25
0.4
0.4
0.35
0.3
0.25
0.25
0.4
-2.69008e-24
0.45
0.2
0.45
0.4
0.1
0.4
-2.69557e-24
0.1
0.1
0.25
0.35
0.3
0.45
0.15
0.15
-2.96404e-24
0.1
0.35
0.4
0.25
0.45
0.35
0.2
0.15
0.2
0.45
0.15
0.1
0.4
0.35
0.25
-2.69543e-24
0.4
0.1
0.4
0.2
0.05
0.3
-2.6632e-24
0.15
0.4
0.25
-2.79336e-24
-3.13416e-24
0.4
0.15
-5.98388e-24
0.45
0.45
0.3
-2.60873e-24
0.4
-2.67477e-24
0.1
0.3
0.35
0.25
0.3
0.45
0.1
0.4
0.1
0.15
0.05
0.05
0.45
0.25
0.35
0.15
0.35
0.05
0.45
0.4
0.2
0.4
0.2
0.4
0.3
0.2
0.1
0.45
0.2
0.15
0.15
-2.692e-24
0.3
0.15
0.05
0.05
0.35
0.35
0.2
0.35
0.45
0.4
0.45
0.45
0.2
0.4
0.45
0.1
0.2
0.2
0.3
0.35
0.35
0.3
0.2
0.3
-2.69127e-24
0.05
0.35
0.1
0.3
0.1
0.1
0.2
0.1
0.3
0.05
0.3
0.4
0.3
-2.69993e-24
0.05
0.25
0.45
0.05
0.2
0.1
-5.10293e-24
0.05
0.25
0.1
0.15
-2.70153e-24
0.35
0.1
0.3
-2.69413e-24
0.45
-2.69497e-24
0.1
0.05
0.35
0.3
0.1
0.3
-2.69603e-24
0.05
0.3
0.25
0.05
0.35
0.15
0.1
0.25
0.3
0.2
0.25
0.1
0.05
0.3
0.35
0.45
0.4
0.35
0.1
0.4
0.2
0.4
0.1
0.45
0.05
0.4
0.3
0.15
0.4
0.25
0.25
0.15
0.25
0.4
0.2
0.35
0.3
0.2
0.45
0.35
0.1
0.1
0.2
0.05
0.15
0.45
0.35
0.1
0.25
0.45
0.4
0.1
0.1
0.3
0.3
0.2
0.4
0.25
0.05
0.1
-2.74182e-24
0.1
0.3
0.25
0.25
0.3
0.3
-2.88604e-24
0.2
0.1
0.05
-2.697e-24
0.2
0.4
-2.69569e-24
0.4
0.2
0.45
0.45
0.1
0.2
0.4
0.05
0.2
0.15
0.05
0.15
-2.67699e-24
0.1
-2.63164e-24
0.1
0.2
0.2
0.25
0.3
-2.67624e-24
0.25
0.35
0.2
-2.69607e-24
0.45
0.35
0.45
0.3
0.3
0.45
0.3
0.05
0.25
0.1
0.15
0.35
0.1
0.2
0.2
0.05
-2.6733e-24
0.05
0.15
0.25
0.4
0.4
0.1
0.05
0.05
0.3
0.25
0.35
0.05
0.3
-2.69564e-24
0.25
0.3
0.4
0.2
0.25
0.45
0.45
0.3
-2.69562e-24
-2.69561e-24
0.35
0.15
0.15
0.3
0.25
0.15
0.45
0.4
0.4
0.05
0.25
0.25
0.3
0.25
0.1
0.05
0.25
0.1
0.2
0.2
0.25
0.25
-0.006
0.2
-1.75298e-24
0.2
0.1
0.3
0.1
0.1
0.1
0.45
0.05
0.05
-1.75298e-24
0.25
0.25
0.2
0.2
0.1
0.15
0.4
0.4
0.2
0.4
0.25
0.45
-1.75298e-24
0.35
0.05
0.05
0.15
0.3
-1.75298e-24
0.1
0.35
0.45
0.15
0.35
0.15
-1.75242e-24
0.4
0.3
0.1
0.35
0.3
0.4
0.15
0.3
0.15
0.2
0.05
0.05
0.05
-1.75298e-24
0.3
0.3
0.3
0.3
0.4
0.1
0.1
0.25
0.2
0.4
0.35
0.25
0.45
0.3
0.25
0.2
0.2
0.45
0.3
0.2
0.4
0.35
-1.74092e-24
0.15
0.25
0.3
-1.75272e-24
0.2
0.45
-1.75298e-24
0.35
0.05
0.35
0.45
0.05
0.1
0.2
0.3
0.3
0.4
0.45
0.4
0.15
0.45
0.2
0.1
0.2
0.2
0.05
0.15
0.35
0.2
0.25
0.25
0.25
0.45
0.3
0.4
0.3
0.2
0.25
0.25
0.3
0.45
0.3
0.3
0.1
0.1
0.15
0.3
0.15
0.4
0.15
0.4
0.2
0.2
0.2
0.15
-1.97387e-24
0.25
0.2
0.05
0.25
0.25
-1.75488e-24
0.35
0.35
0.2
0.45
0.15
0.25
0.4
0.45
0.3
0.45
0.1
-1.74541e-24
-1.75398e-24
0.1
0.3
-2.03883e-24
0.45
0.45
0.3
-2.8457e-24
0.25
-2.24375e-24
0.1
0.1
0.2
0.45
0.45
-1.76146e-24
0.1
0.25
0.45
0.05
0.45
0.2
0.25
0.35
-1.75177e-24
0.45
0.35
0.05
0.1
0.25
-1.83207e-24
0.1
0.35
0.45
-3.26439e-24
0.3
0.15
0.3
-2.00198e-24
0.45
0.2
0.4
0.1
0.4
0.1
0.2
0.35
0.15
0.35
0.15
-1.75181e-24
0.45
0.25
0.2
0.35
0.4
0.25
0.15
0.3
0.3
-2.22086e-24
-2.81575e-24
-3.32091e-24
0.05
0.25
-2.08405e-24
0.3
0.45
0.45
0.1
0.05
0.15
0.3
-1.75739e-24
0.15
0.45
0.15
0.25
0.35
0.3
-1.72292e-24
0.3
0.1
0.25
0.4
0.25
0.4
0.25
0.05
0.25
0.45
0.15
0.3
0.45
0.25
0.3
0.3
0.05
0.4
0.05
0.3
0.2
0.25
0.05
0.25
0.1
0.05
0.35
0.45
0.3
0.1
0.35
0.05
0.3
-1.6169e-24
0.4
0.35
-3.18986e-24
-3.69659e-24
0.3
-2.13545e-24
0.3
0.4
0.3
0.15
0.3
0.15
0.1
0.1
0.3
0.4
0.15
0.2
0.15
0.3
-1.73743e-24
0.35
0.2
0.3
0.4
0.25
0.05
-1.73292e-24
0.1
0.35
0.15
0.25
0.05
0.45
0.4
0.2
-1.78923e-24
0.25
0.25
-1.83045e-24
0.1
0.1
0.15
0.1
0.05
0.05
0.3
0.2
0.35
0.45
0.45
0.45
0.45
0.1
0.2
0.35
0.45
0.4
0.4
0.05
0.4
0.25
-1.60054e-24
0.05
0.25
-1.79413e-24
0.05
0.1
0.25
0.15
0.1
0.45
0.05
0.4
0.4
0.35
0.2
0.25
-1.72843e-24
0.3
0.3
0.4
0.35
0.4
0.35
0.4
0.45
-4.11948e-24
0.35
0.45
0.15
0.2
-1.72609e-24
-1.74913e-24
0.45
0.4
0.25
0.05
0.4
0.3
0.3
0.3
-1.75037e-24
0.35
-1.74173e-24
0.05
0.3
0.3
0.05
0.2
-1.92869e-24
0.3
0.15
0.4
0.45
-3.90576e-24
0.4
0.05
0.05
0.25
0.3
0.3
0.4
0.35
0.2
0.45
0.35
0.1
0.25
0.25
0.45
-1.75255e-24
-1.7468e-24
0.05
0.35
0.1
0.45
0.15
0.05
0.05
0.1
0.2
0.35
0.1
0.05
0.1
0.45
0.15
0.35
-1.7245e-24
0.25
0.25
-1.74113e-24
0.45
0.2
0.1
0.1
0.2
0.2
-1.75272e-24
0.4
-1.7507e-24
0.2
0.15
-1.76577e-24
0.4
0.4
0.45
0.45
0.35
0.4
0.2
0.1
0.1
0.15
0.15
0.45
0.35
0.45
0.25
0.4
0.2
0.45
0.3
0.2
0.2
0.05
0.4
0.35
0.15
0.25
-1.71797e-24
0.45
0.1
0.15
-1.78302e-24
0.45
0.3
0.45
0.15
0.45
-1.63559e-24
0.25
0.2
0.1
0.45
0.3
0.1
0.45
0.35
0.25
0.05
0.25
0.2
0.3
0.35
0.4
0.2
0.3
-1.73961e-24
0.05
0.45
0.2
0.1
0.25
0.3
0.4
0.15
0.25
-1.72015e-24
0.2
0.4
0.15
0.2
0.25
0.3
0.3
0.1
0.3
0.05
0.4
0.3
-1.75291e-24
0.25
0.05
0.4
0.4
0.3
0.15
0.05
0.4
0.45
0.25
0.25
0.45
0.15
0.25
0.15
0.2
0.4
0.15
0.4
0.05
0.3
0.2
-1.74719e-24
0.1
0.1
0.4
0.15
0.45
0.1
0.2
0.25
0.1
0.05
0.35
0.2
0.25
0.15
-3.01548e-24
0.15
0.35
-2.40805e-24
0.4
0.05
0.4
0.3
0.1
0.15
0.15
0.45
-1.74291e-24
0.05
0.2
0.05
-1.75298e-24
0.15
0.2
0.1
0.35
0.2
0.35
0.1
0.3
0.15
0.4
0.1
0.05
0.25
0.15
0.35
0.4
0.35
0.35
-1.7556e-24
0.05
0.3
0.15
0.35
0.45
0.15
0.3
0.35
0.05
0.4
0.25
0.4
-1.75417e-24
0.25
0.3
0.2
0.15
0.4
0.3
0.45
-2.92003e-24
0.35
-2.91392e-24
0.2
0.25
-1.86139e-24
0.25
0.4
0.3
-1.74662e-24
0.45
-1.7503e-24
0.45
0.4
0.15
0.3
0.05
0.1
0.4
0.35
0.35
0.35
0.2
0.35
0.4
0.15
0.35
0.35
0.35
0.3
0.1
0.05
0.35
0.45
0.05
0.45
0.3
0.1
0.05
0.2
0.15
0.1
0.1
0.25
0.05
0.4
0.2
0.2
0.45
0.05
0.15
0.35
0.25
0.35
0.3
0.2
0.35
0.2
0.45
0.3
0.15
-1.8576e-24
-1.76954e-24
0.15
0.4
0.25
0.05
0.1
0.2
0.35
0.2
-1.75298e-24
0.1
0.15
-1.75292e-24
0.3
0.1
0.45
0.35
0.05
0.35
-1.81296e-24
0.45
0.45
0.2
0.45
0.45
0.4
0.3
-1.76364e-24
0.05
0.4
0.15
0.05
0.2
0.45
0.15
0.15
0.4
0.05
0.1
0.45
0.05
0.05
0.05
0.2
0.2
0.05
0.4
0.45
0.2
0.45
-1.65109e-24
0.45
0.1
0.05
0.45
0.25
0.25
0.4
-1.75087e-24
0.35
0.05
-1.75309e-24
0.25
0.4
0.05
0.05
0.15
0.45
0.35
0.05
0.45
0.2
0.3
0.1
0.15
0.4
0.2
0.1
0.2
0.35
0.3
0.4
0.25
0.25
0.2
0.3
0.25
0.05
0.4
-1.75295e-24
0.3
0.2
0.05
0.15
0.35
0.1
0.1
-1.75298e-24
0.4
0.05
0.25
0.3
0.4
0.3
0.35
0.15
0.2
0.1
-1.74031e-24
0.35
0.05
0.4
0.05
0.35
0.15
0.05
0.2
0.1
0.4
0.1
0.4
0.2
0.001
0.4
0.45
0.1
0.4
0.35
0.2
0.3
0.25
0.1
0.3
0.2
0.2
0.15
0.2
0.2
0.3
0.35
0.2
0.25
0.2
0.25
0.15
0.05
0.25
0.1
0.4
0.25
0.45
0.25
0.05
0.05
0.4
0.2
0.05
0.3
0.15
0.45
3.16957e-24
0.3
0.4
0.25
0.25
3.17001e-24
0.4
0.15
0.35
0.45
0.4
0.05
0.4
0.35
0.1
0.4
0.45
0.1
0.45
0.4
0.25
0.1
0.15
0.45
0.25
0.45
0.25
0.35
0.45
0.4
0.45
0.05
0.2
0.1
0.4
0.35
3.17105e-24
0.1
0.25
0.2
0.15
3.16974e-24
0.25
3.16964e-24
0.1
0.15
0.3
0.25
0.45
3.16965e-24
0.4
0.2
0.35
0.4
0.45
0.4
0.4
0.4
0.05
0.25
0.25
0.4
0.2
0.1
0.15
0.2
0.1
0.2
0.05
0.35
0.15
0.4
0.45
0.4
0.25
0.15
0.1
0.35
0.35
0.25
0.2
0.45
0.3
0.45
0.45
0.15
0.4
0.3
0.15
3.98188e-24
0.05
0.1
0.45
0.3
0.35
0.05
0.4
0.05
0.35
0.1
0.3
0.15
0.15
0.2
0.35
0.45
0.3
0.05
0.35
0.35
0.1
0.05
0.3
0.1
3.27204e-24
0.25
0.05
0.05
0.05
0.35
0.3
3.92183e-24
3.56048e-24
0.05
3.22749e-24
0.35
0.25
3.17221e-24
0.25
0.15
0.4
0.3
0.15
0.3
0.25
0.45
0.1
0.05
0.45
0.25
0.05
0.3
3.27905e-24
0.15
4.20551e-24
0.1
0.1
0.1
0.05
0.3
0.25
0.25
0.1
0.35
0.35
0.35
3.17374e-24
0.35
0.45
0.4
0.35
0.1
0.05
0.05
3.17093e-24
0.25
0.35
0.1
0.1
0.2
3.23366e-24
0.15
0.15
0.4
0.35
0.2
0.4
0.2
0.05
0.15
0.3
0.1
0.45
0.1
0.4
0.3
0.15
0.2
0.4
0.2
3.17032e-24
0.45
0.4
0.45
0.45
3.15852e-24
0.35
3.14645e-24
0.2
0.45
0.35
0.25
0.2
0.05
0.4
0.05
0.4
0.45
0.1
0.25
0.1
0.15
0.2
0.25
0.4
0.4
0.3
0.4
0.05
0.05
0.15
0.35
0.4
0.1
3.12617e-24
0.25
0.3
0.3
0.4
0.45
0.25
0.4
0.05
0.2
0.3
0.25
0.2
3.19746e-24
0.4
0.2
0.4
3.17268e-24
0.2
0.3
0.2
0.05
0.1
0.35
0.4
0.4
0.45
0.35
0.25
3.09989e-24
0.1
0.1
0.45
0.25
0.15
0.25
0.2
0.45
0.3
0.2
0.3
0.05
0.05
0.15
0.45
0.3
0.1
0.2
0.3
0.3
0.2
0.25
0.1
0.1
0.1
0.05
0.05
0.45
3.175e-24
0.4
4.61675e-24
0.25
0.1
0.25
3.42821e-24
0.2
0.2
0.25
0.15
3.18702e-24
0.45
0.3
3.1801e-24
0.25
0.2
0.05
0.3
0.25
0.15
3.17089e-24
0.45
0.4
0.1
0.15
0.35
0.2
0.15
0.3
0.3
0.4
7.10688e-24
0.35
0.45
0.25
0.15
0.3
0.05
0.05
0.2
0.05
0.05
0.2
0.35
0.25
0.3
0.25
0.2
3.17097e-24
0.1
0.45
0.1
0.4
0.45
0.25
0.25
0.3
0.45
0.15
0.4
0.4
0.35
0.2
0.25
0.25
0.35
0.25
0.25
0.35
0.35
0.35
0.3
0.2
0.2
0.4
0.3
0.35
0.2
0.05
0.3
0.05
0.35
0.2
0.1
0.45
0.05
0.45
0.45
0.45
3.07112e-24
0.4
3.14075e-24
0.15
0.35
0.25
0.4
0.1
3.16678e-24
0.45
0.05
0.35
0.35
0.25
0.4
0.2
0.2
0.3
0.25
3.08917e-24
0.15
0.35
0.1
0.25
0.2
8.11133e-24
0.05
0.05
0.15
0.3
0.4
0.45
0.1
0.1
0.45
0.4
3.16502e-24
0.35
0.1
0.35
0.05
0.45
0.3
0.15
0.15
0.3
0.3
0.1
0.15
0.15
0.35
0.2
0.2
7.64557e-24
0.25
0.1
0.45
0.15
3.16415e-24
0.25
3.15956e-24
0.25
0.45
0.3
0.05
0.25
0.3
0.3
0.3
0.05
0.4
3.16853e-24
0.3
0.25
0.3
0.25
0.4
0.3
0.45
0.35
0.15
0.35
0.45
0.45
0.05
0.2
3.17972e-24
0.05
0.4
0.45
0.2
0.1
0.3
0.4
0.25
0.05
0.1
0.35
0.45
0.2
0.05
0.2
0.35
3.15805e-24
0.45
0.2
0.1
5.31973e-24
0.05
0.45
0.45
0.05
0.45
0.1
0.1
0.35
3.16416e-24
0.45
3.16025e-24
3.16254e-24
0.35
0.1
0.2
0.4
0.35
0.35
0.35
0.45
0.25
0.15
0.45
0.2
0.35
0.45
0.45
0.1
0.1
6.03751e-24
0.2
0.15
0.25
0.05
0.15
0.3
0.35
0.25
0.05
0.1
0.2
0.4
0.4
0.2
0.1
0.4
0.25
0.2
3.17568e-24
0.15
0.4
0.3
0.3
0.45
0.1
0.1
0.2
0.1
0.15
0.4
0.05
0.45
0.35
0.1
0.05
0.05
0.3
0.45
0.2
0.2
0.35
0.4
3.16965e-24
0.15
0.15
0.1
0.45
0.05
0.1
0.3
0.25
0.4
0.4
0.25
0.4
0.15
0.15
0.35
0.45
0.15
0.3
0.15
3.16396e-24
0.3
0.35
0.1
0.25
3.16923e-24
0.25
0.15
3.16965e-24
0.2
0.1
0.45
0.1
0.4
0.2
0.4
0.1
0.45
0.1
0.15
0.05
0.3
0.35
0.4
0.25
0.15
0.45
0.3
0.2
0.2
0.3
0.05
0.1
0.45
0.35
0.4
0.3
3.16968e-24
0.45
0.25
0.3
0.35
0.25
0.1
0.35
3.95414e-24
0.1
0.45
5.15906e-24
0.4
0.25
0.3
0.35
0.4
0.25
0.2
0.4
0.1
0.25
0.45
0.2
0.15
0.45
0.15
0.45
0.05
0.1
0.4
0.4
0.35
0.15
0.2
0.25
0.25
0.3
0.3
0.35
0.05
0.3
0.45
0.25
0.25
0.3
0.1
0.35
0.45
0.25
0.3
0.3
0.25
0.2
0.25
0.1
0.2
0.4
3.16986e-24
0.4
0.3
0.45
3.17574e-24
0.15
0.35
3.18942e-24
0.2
0.05
0.05
0.15
0.3
0.3
0.35
0.1
0.05
3.16913e-24
0.25
0.25
0.15
0.2
0.05
0.45
0.1
0.25
0.2
0.4
0.05
0.2
0.35
3.17049e-24
0.05
3.17166e-24
3.17497e-24
0.35
0.15
0.15
0.35
0.35
0.45
0.25
0.45
0.15
0.3
0.1
0.15
0.25
3.16964e-24
0.2
0.25
0.15
0.35
0.05
3.16964e-24
0.05
0.05
0.1
0.15
0.1
0.15
0.1
0.05
0.45
0.3
0.45
0.1
0.45
3.17013e-24
3.17006e-24
0.15
0.3
3.16963e-24
0.05
0.05
0.15
0.3
0.45
0.3
0.1
-0.008
0.15
0.35
0.1
2.3652e-24
0.05
0.4
0.45
0.35
0.45
0.3
0.15
2.3652e-24
0.4
0.45
0.15
0.15
0.45
2.3652e-24
0.1
0.1
0.3
0.05
0.4
0.3
0.15
0.2
0.35
0.25
0.35
2.3652e-24
0.3
0.3
0.45
0.15
0.45
0.1
0.35
0.05
0.1
0.15
0.45
0.3
0.1
0.25
0.4
0.25
0.35
0.1
0.1
0.45
0.3
2.36521e-24
0.05
2.3652e-24
0.3
0.25
0.2
2.3652e-24
0.45
2.3652e-24
0.3
0.35
0.2
0.25
0.3
0.3
0.25
0.45
0.45
0.1
0.3
0.4
0.1
2.36396e-24
0.45
0.3
0.25
0.45
0.45
0.45
0.1
0.25
0.3
2.3652e-24
0.05
0.3
0.35
0.4
0.1
0.25
0.4
0.3
0.45
0.25
0.05
0.15
0.2
0.1
0.1
0.2
0.1
0.4
0.2
0.1
0.3
2.37784e-24
0.1
0.4
0.05
0.3
0.1
0.2
0.1
0.3
0.15
0.4
0.25
0.2
0.2
2.35652e-24
0.25
0.2
0.4
0.15
0.3
0.25
0.3
0.45
3.14897e-24
0.45
0.45
0.1
2.67681e-24
0.15
0.3
2.38289e-24
0.45
0.1
0.35
0.2
0.05
0.3
0.05
2.36534e-24
0.2
0.45
0.3
0.35
0.15
2.34835e-24
0.2
0.45
0.25
0.05
0.4
0.25
0.2
0.45
0.35
0.2
0.2
0.4
0.1
0.4
2.37481e-24
0.25
0.05
0.45
0.25
0.1
2.36501e-24
0.3
0.35
0.25
0.35
0.4
0.1
0.4
0.4
0.4
0.35
0.2
0.1
0.3
4.60489e-24
0.05
0.25
0.3
2.83613e-24
0.35
0.15
2.37387e-24
2.36375e-24
0.45
0.1
2.36501e-24
0.4
0.35
0.1
0.25
0.3
0.25
0.4
0.1
0.1
0.2
0.05
0.45
0.35
0.45
0.2
0.45
0.15
0.45
3.01154e-24
0.1
0.25
0.2
2.34675e-24
0.2
0.4
2.34452e-24
0.05
0.15
0.4
0.45
0.35
0.3
0.45
0.35
0.2
0.15
0.2
0.45
0.25
0.25
0.4
0.05
0.35
0.05
0.05
0.15
0.25
0.05
0.15
0.1
0.35
0.25
0.15
0.1
2.356e-24
0.05
0.1
2.35891e-24
0.2
0.3
0.3
2.1697e-24
0.2
0.35
0.4
0.05
0.4
0.3
1.60445e-24
0.4
0.1
0.1
0.05
0.3
0.1
0.4
0.45
2.20635e-24
0.25
0.05
0.35
0.25
0.1
0.2
0.2
0.2
0.3
0.05
0.1
0.4
0.15
0.3
1.95522e-24
0.1
0.4
0.2
0.05
0.3
0.35
0.2
4.03202e-24
0.05
0.15
1.76242e-24
2.00626e-24
0.2
0.2
0.25
0.2
0.1
0.15
0.25
0.05
0.25
0.3
0.4
0.05
0.2
0.05
0.4
0.4
2.06603e-24
0.35
0.2
0.3
0.3
6.19663e-24
0.4
0.45
2.02241e-24
0.4
0.3
2.10562e-24
0.1
0.1
0.45
0.45
0.15
0.2
0.15
0.2
0.4
0.1
0.2
0.4
0.15
0.2
0.15
0.4
0.05
0.25
0.2
0.35
0.1
0.05
0.05
0.3
0.1
0.35
0.1
0.1
2.33469e-24
0.35
0.2
0.3
2.3269e-24
0.25
0.4
0.05
0.2
0.3
0.05
0.2
0.45
0.35
0.25
0.25
2.48057e-24
0.25
0.35
0.05
0.25
0.05
6.02908e-24
0.25
0.05
1.77468e-24
0.05
0.1
0.15
0.45
2.31711e-24
0.25
0.2
0.35
0.35
2.36512e-24
0.1
0.2
0.1
0.35
0.35
0.45
0.25
0.3
0.35
0.45
0.1
2.98933e-24
0.2
0.2
0.45
0.3
1.62699e-24
0.15
0.15
0.3
0.45
0.15
0.3
0.15
0.45
0.15
0.3
0.4
2.36522e-24
0.05
0.1
0.4
0.45
0.4
0.25
0.45
0.2
0.4
0.05
0.05
0.3
0.15
0.05
0.3
0.4
0.2
0.1
0.25
0.25
0.25
2.32782e-24
0.1
0.05
0.3
0.15
0.35
0.1
0.25
0.05
0.4
0.35
2.349e-24
0.05
0.4
0.25
0.2
0.4
0.1
0.2
0.2
0.05
0.05
0.2
0.4
0.05
0.45
0.3
0.1
0.15
0.25
0.4
0.4
0.05
0.15
0.45
0.4
0.45
2.35792e-24
0.25
0.25
0.4
0.2
0.25
0.25
0.05
0.4
6.33581e-24
0.45
0.15
0.25
0.05
0.1
0.25
2.28471e-24
0.35
0.35
0.15
0.25
0.1
0.1
0.4
2.36505e-24
0.05
0.25
0.4
0.45
0.45
0.2
0.4
0.3
2.36046e-24
0.1
0.35
0.05
5.66855e-24
0.35
0.2
0.4
0.2
0.45
0.25
0.05
0.1
0.3
0.05
0.2
0.15
0.35
0.1
0.35
0.25
0.05
0.05
0.15
0.45
0.4
2.20268e-24
0.3
0.1
0.25
0.25
0.35
0.05
0.15
0.45
0.1
0.25
0.15
0.25
0.15
0.3
0.45
0.15
0.15
0.25
0.15
0.25
0.45
0.1
0.3
0.2
0.15
0.15
0.3
0.2
2.36725e-24
0.1
0.45
0.3
0.3
0.3
0.4
0.25
0.05
2.31402e-24
0.1
0.3
0.45
0.3
0.3
0.25
0.15
0.25
0.1
0.25
0.45
2.36522e-24
2.36502e-24
0.45
0.4
0.1
0.25
0.1
0.3
2.78077e-24
0.1
0.2
0.4
0.1
0.35
0.35
0.45
0.25
0.1
0.3
0.2
2.33205e-24
0.35
0.35
0.15
0.35
0.35
2.3652e-24
0.3
2.36522e-24
0.15
0.25
0.3
0.4
2.41935e-24
0.45
0.3
0.45
0.35
0.25
0.1
0.4
0.1
0.05
0.25
0.4
2.42309e-24
0.35
0.1
0.2
0.1
0.4
0.35
0.2
0.15
0.45
2.3652e-24
0.25
0.4
0.45
0.2
0.05
0.05
2.49972e-24
0.1
0.15
0.25
3.36657e-24
0.45
0.15
0.45
0.05
0.3
0.1
0.05
0.45
0.05
0.4
0.05
0.35
0.25
0.4
0.4
2.3652e-24
0.3
2.3652e-24
0.45
0.2
0.35
0.2
2.34273e-24
0.25
0.45
0.45
0.1
0.35
0.35
0.45
0.05
0.05
0.4
0.25
0.3
0.35
0.1
0.05
2.36488e-24
2.36562e-24
0.35
0.25
0.15
0.1
0.35
0.25
0.35
0.3
0.35
2.34325e-24
0.25
0.35
2.21064e-24
0.05
0.1
0.4
0.45
0.4
0.05
0.15
0.35
0.45
0.4
0.35
0.15
0.2
0.05
0.15
0.2
0.25
0.05
0.35
0.2
0.05
0.15
2.36513e-24
0.25
0.35
2.34065e-24
0.1
2.26804e-24
0.45
0.3
0.45
0.1
0.1
0.05
0.45
0.4
0.2
2.29249e-24
0.35
2.35906e-24
0.45
0.3
0.4
0.2
0.4
0.35
0.4
0.4
0.1
0.25
0.4
2.36519e-24
0.1
2.36402e-24
0.2
0.1
0.4
0.2
0.3
0.25
0.05
0.2
0.25
0.1
0.15
0.3
0.35
0.35
2.36417e-24
0.3
0.35
0.3
0.45
0.3
0.45
0.003
0.45
0.3
0.25
0.4
0.45
0.1
0.35
-3.52866e-24
0.35
0.15
0.3
0.05
0.4
0.3
0.05
-3.52866e-24
0.1
0.15
0.05
0.2
0.15
0.15
0.1
-3.52866e-24
-3.52866e-24
0.45
0.35
0.45
0.3
0.4
0.3
0.4
0.3
0.45
0.2
0.3
-3.52871e-24
-3.52868e-24
0.4
0.1
0.1
0.45
0.1
0.2
0.3
0.15
0.15
0.15
0.45
0.45
0.15
0.45
0.4
0.45
0.15
0.15
0.2
0.2
0.3
0.45
0.3
0.35
0.25
0.15
0.15
0.3
0.35
0.4
0.15
0.2
0.3
0.2
-3.52578e-24
0.1
0.15
0.3
0.05
0.4
0.45
0.3
0.4
0.25
-3.52866e-24
0.25
0.15
0.3
0.4
0.2
0.2
0.3
0.15
0.2
0.1
0.1
0.1
-3.5324e-24
0.4
0.3
0.15
0.15
0.35
0.25
-3.51881e-24
-3.5202e-24
0.35
0.05
0.15
0.15
0.45
0.3
0.4
0.25
0.15
0.25
0.15
0.45
0.1
0.05
0.3
0.05
0.15
0.4
0.25
0.45
-3.81961e-24
0.4
0.4
0.1
0.25
0.45
0.3
0.25
0.2
0.45
0.25
0.4
0.05
0.2
-3.52856e-24
-3.52865e-24
-3.52866e-24
0.05
0.25
0.45
0.05
0.2
0.4
0.05
0.35
0.3
0.1
0.4
0.2
0.45
0.1
0.1
0.4
0.1
0.05
0.35
0.05
0.45
0.4
0.3
0.3
0.3
0.35
0.2
0.45
-3.52866e-24
0.1
0.35
0.1
0.1
0.2
0.4
0.45
-3.5216e-24
0.1
-3.64082e-24
0.05
-4.92353e-24
0.1
0.15
0.05
0.35
0.1
0.25
0.35
0.25
0.45
0.05
0.15
0.1
0.15
0.3
0.1
0.25
0.1
0.2
0.15
0.05
-3.53726e-24
0.45
0.1
0.25
0.35
-3.72472e-24
0.4
0.4
0.1
0.05
-6.02914e-24
0.4
0.35
0.2
0.3
0.25
0.45
0.3
0.05
0.1
0.35
0.2
0.15
0.35
0.4
0.45
0.2
0.3
0.45
0.3
0.25
0.25
0.25
-3.76551e-24
0.1
0.3
0.1
0.05
0.45
0.25
0.3
0.15
0.3
0.35
0.45
0.2
0.25
0.15
0.25
0.45
0.35
0.3
-3.53019e-24
0.4
0.05
0.3
0.15
0.45
0.2
0.2
0.25
0.35
0.1
0.25
0.45
0.05
-5.73445e-24
0.4
0.35
0.15
0.35
-3.45144e-24
0.35
0.15
0.2
0.4
0.15
0.45
0.05
0.25
-3.52993e-24
0.45
0.15
0.45
0.4
0.15
0.15
0.2
0.35
0.1
0.25
0.3
-7.51448e-24
0.35
0.4
0.35
0.1
-3.56783e-24
0.2
0.2
0.3
-3.47503e-24
0.25
0.2
0.1
0.05
-3.52875e-24
0.45
0.3
0.4
0.35
0.2
0.15
0.45
0.35
0.4
0.4
0.25
0.4
-5.24376e-24
0.45
0.3
0.3
0.25
0.35
0.4
0.25
0.2
0.4
-3.50028e-24
0.2
0.4
0.15
0.2
0.1
0.4
0.25
-3.5306e-24
0.4
0.35
-3.54292e-24
0.2
0.05
0.15
0.45
0.05
0.1
0.25
0.4
0.35
0.25
0.4
0.3
-3.58002e-24
0.35
-3.52947e-24
0.35
0.2
-3.52369e-24
-3.52562e-24
-3.52842e-24
0.15
0.25
0.15
0.3
-3.53035e-24
0.45
0.25
0.05
0.2
0.15
0.3
0.4
0.25
0.25
0.4
0.15
-7.29508e-24
0.2
-3.76268e-24
0.25
0.4
0.25
-3.52852e-24
0.3
0.1
0.1
0.4
0.1
0.05
0.35
0.2
0.1
0.3
0.2
0.25
0.25
0.4
0.2
0.25
0.2
0.15
0.05
0.3
0.45
0.35
0.35
0.15
0.25
0.4
0.15
0.4
0.3
0.2
0.05
0.05
0.15
0.4
-3.52864e-24
0.4
0.45
0.05
0.15
-3.52333e-24
0.1
0.15
0.1
0.35
0.25
0.1
0.35
0.25
0.35
0.4
0.35
0.3
0.35
0.05
-3.50935e-24
0.15
0.15
0.45
0.2
0.2
0.15
-3.52868e-24
0.1
0.3
0.35
-3.52827e-24
0.15
0.3
0.15
0.4
0.2
0.3
0.35
0.2
0.45
0.25
0.15
0.2
0.4
0.35
0.45
0.3
-3.50383e-24
0.25
0.45
0.3
0.2
0.4
0.4
0.25
0.05
-3.52868e-24
0.25
0.2
0.45
0.45
0.1
0.2
0.45
0.35
0.4
0.45
0.2
0.1
0.4
0.35
0.05
0.1
0.3
-3.4748e-24
0.2
0.25
0.4
0.2
0.25
0.05
0.4
-3.52889e-24
0.15
0.15
0.05
-3.52845e-24
0.4
0.25
0.45
-3.46177e-24
0.35
0.3
0.2
0.3
0.3
0.25
0.25
0.1
0.2
0.1
0.35
0.2
0.15
0.45
0.3
0.2
0.4
0.35
0.05
0.35
-3.52866e-24
0.4
0.1
0.2
0.1
0.3
0.45
0.1
-3.45849e-24
0.25
0.15
0.2
0.15
0.3
0.25
0.2
0.05
0.3
0.25
0.2
0.3
0.45
0.2
0.3
0.25
0.25
0.05
0.4
-3.52866e-24
0.35
-3.52847e-24
0.25
-3.52683e-24
0.35
0.45
0.2
0.05
0.45
0.45
0.45
0.05
0.15
0.1
0.05
0.25
0.15
0.15
0.05
-3.51538e-24
0.05
0.1
0.45
0.45
0.15
0.3
0.4
0.25
0.25
0.2
0.4
0.1
0.1
-3.49842e-24
-3.4781e-24
0.3
0.3
0.3
0.4
0.25
0.45
0.05
0.2
0.3
0.15
0.25
0.35
0.25
-3.52539e-24
-3.52888e-24
0.25
0.35
0.15
0.1
0.1
0.05
0.25
0.25
0.4
0.3
0.15
-3.52456e-24
-3.52419e-24
0.3
0.15
0.3
0.15
0.1
0.2
0.3
0.2
0.15
0.45
0.45
0.25
0.15
-3.5273e-24
0.4
0.35
0.1
-3.52864e-24
0.35
0.45
0.4
-3.52866e-24
0.4
0.4
-3.52838e-24
0.05
0.35
0.45
0.1
-3.71061e-24
0.35
0.05
0.45
0.25
0.45
0.4
-4.29319e-24
0.05
0.1
0.2
0.2
0.15
-3.52998e-24
0.3
0.2
0.05
0.3
0.3
0.1
0.4
0.05
0.05
0.05
0.2
0.45
0.05
0.15
0.2
0.1
0.25
0.4
-4.29924e-24
0.3
0.45
0.45
0.4
0.35
0.15
0.15
0.15
0.15
0.1
0.2
0.15
0.15
0.45
0.4
0.1
0.45
0.1
0.05
0.05
0.05
0.3
0.45
0.2
0.3
0.3
0.4
0.4
0.35
-3.62452e-24
0.2
0.1
0.2
0.45
0.2
0.25
0.1
0.1
0.35
0.15
0.15
0.4
0.05
0.3
-3.52866e-24
0.3
0.45
0.1
0.1
0.2
-3.5406e-24
0.15
0.35
-3.57173e-24
0.45
0.4
0.05
0.45
0.35
0.15
0.35
0.1
0.3
0.1
0.15
-3.52868e-24
0.35
0.15
0.3
0.25
0.4
-3.52866e-24
-3.52866e-24
0.05
0.45
0.3
0.4
0.05
0.35
0.25
-3.53114e-24
0.15
0.15
0.05
0.15
0.3
0.4
0.15
0.1
-3.52902e-24
0.25
0.35
0.4
0.05
0.45
0.05
0.3
0.35
0.003
0.15
0.15
-1.85502e-24
0.15
0.3
0.25
0.15
0.05
0.4
-1.85502e-24
0.1
0.25
0.1
0.45
0.1
0.4
0.15
-1.85502e-24
0.1
0.3
0.15
0.35
-1.85502e-24
0.2
0.15
0.05
0.2
0.35
0.3
0.1
0.25
0.2
-1.85502e-24
0.25
0.15
0.2
0.25
0.45
-1.85519e-24
-1.85509e-24
0.25
0.1
0.2
0.2
0.25
0.2
0.1
0.3
-1.85512e-24
0.25
0.05
0.35
0.4
0.3
0.45
0.1
0.45
0.25
0.35
0.3
0.45
0.45
0.1
0.1
0.35
0.05
0.25
0.15
0.4
0.1
0.2
0.25
0.2
0.1
0.3
0.4
0.15
0.3
0.25
0.2
0.3
0.15
0.35
0.4
0.3
0.45
0.15
-1.85503e-24
-1.85503e-24
0.4
0.35
0.45
0.35
0.2
0.35
0.25
0.15
0.3
-1.89313e-24
0.35
0.45
0.35
0.15
0.2
0.1
0.05
0.2
0.05
0.25
0.15
-1.85502e-24
-1.85502e-24
0.3
0.2
0.35
0.05
0.25
0.4
0.2
0.4
0.35
0.25
0.25
0.3
0.3
0.4
-2.25374e-24
0.15
0.4
0.35
0.3
0.45
0.25
0.05
0.25
0.1
0.25
0.25
0.15
0.25
0.2
0.15
0.05
0.3
0.25
0.2
0.25
0.1
0.3
0.35
0.4
0.25
-2.02597e-24
0.3
0.15
0.35
0.15
0.15
0.1
-2.12059e-24
0.15
0.2
0.45
0.35
0.45
0.1
-1.85514e-24
0.25
0.4
0.4
0.45
0.1
0.25
0.05
0.2
0.1
0.05
0.45
0.25
-1.8463e-24
0.1
0.4
0.4
0.25
0.05
0.3
0.15
0.15
0.4
0.35
0.45
0.2
0.25
0.35
0.45
0.35
0.3
0.15
0.45
0.35
0.25
0.1
0.1
0.45
0.25
0.1
0.25
0.15
0.05
0.25
0.15
0.15
0.05
0.35
0.35
0.4
0.3
-1.86933e-24
0.45
0.35
0.3
0.45
0.1
0.35
0.15
0.35
-1.85574e-24
0.35
0.25
0.05
0.15
0.45
0.15
0.3
0.1
0.35
0.25
0.15
0.3
0.15
0.35
-2.62965e-24
0.15
-1.96545e-24
0.1
-1.86015e-24
0.05
0.25
0.15
0.4
0.35
0.05
-1.85524e-24
0.1
0.1
0.45
0.1
0.35
-1.8768e-24
0.05
0.15
-1.83704e-24
0.1
0.15
0.4
0.4
0.1
0.2
0.35
0.15
0.45
0.1
0.2
0.45
0.3
0.25
0.35
0.25
0.05
0.4
0.15
0.05
0.3
0.35
0.35
0.35
0.15
-1.86517e-24
0.25
0.1
0.35
0.45
0.15
0.1
0.35
0.05
0.35
0.25
0.1
0.1
0.2
-1.85199e-24
0.2
0.05
-1.8549e-24
0.05
0.45
0.1
0.1
0.45
0.05
0.4
0.35
0.05
0.25
0.25
-1.81323e-24
0.35
0.3
0.05
0.15
0.1
0.35
0.25
0.25
0.1
0.3
0.15
0.35
0.1
0.45
0.35
0.35
0.4
0.35
-1.85508e-24
0.2
0.35
-1.85601e-24
0.3
0.1
0.25
0.35
0.45
0.15
0.05
0.1
0.15
0.45
0.3
0.15
0.15
0.15
0.4
0.25
0.2
0.4
0.15
0.45
0.2
0.05
0.3
0.05
0.3
0.45
0.3
0.45
-1.85613e-24
0.25
0.35
0.2
0.25
0.3
0.45
0.35
0.25
0.1
0.3
0.2
0.25
0.45
0.2
0.45
0.4
0.15
0.25
0.45
0.25
0.45
0.3
0.4
0.35
0.2
0.35
0.15
0.1
0.45
0.35
-1.84237e-24
0.25
-1.7689e-24
-1.72523e-24
0.15
0.05
0.4
0.4
0.45
0.35
0.1
-1.76771e-24
0.05
0.35
0.4
0.1
0.1
0.4
-1.86223e-24
0.05
0.25
0.25
0.25
0.2
0.15
0.1
0.4
0.05
0.35
0.15
0.2
0.35
0.05
0.35
0.1
0.05
0.35
0.15
0.05
0.15
0.3
0.45
0.15
-1.86821e-24
0.45
0.1
0.15
0.05
0.25
0.2
0.4
0.15
0.45
0.3
0.05
0.35
0.05
0.35
0.2
0.4
0.25
0.35
0.25
0.05
0.45
0.25
0.1
0.3
-1.81717e-24
0.3
0.25
0.4
0.3
0.15
0.25
0.15
0.3
0.05
-1.85502e-24
0.05
0.45
0.1
0.25
0.35
0.35
0.1
0.3
0.35
0.1
0.2
0.2
0.2
0.25
0.3
0.1
0.1
0.4
0.35
0.45
0.25
0.3
0.4
-1.86534e-24
0.4
0.3
0.3
-1.85502e-24
0.05
-1.85495e-24
0.15
-1.85499e-24
0.05
0.4
-1.86567e-24
-1.88137e-24
0.45
0.25
0.4
0.35
0.15
0.45
0.4
0.4
0.15
0.35
0.15
0.2
-1.87045e-24
0.4
-1.86914e-24
0.05
0.05
0.45
0.25
0.45
0.15
-1.85486e-24
0.1
0.35
0.45
0.05
-1.87051e-24
0.1
0.1
0.1
0.25
0.2
0.3
0.45
0.45
0.25
0.3
0.35
-1.85248e-24
0.25
-1.86538e-24
0.2
0.45
0.05
0.4
0.2
0.1
0.35
0.35
-1.8549e-24
0.35
0.45
0.2
0.25
0.25
0.2
0.1
0.2
0.35
0.1
0.4
0.1
0.45
0.05
0.1
0.3
0.1
0.4
0.2
0.3
-1.86093e-24
0.1
0.2
0.2
0.35
0.45
0.35
0.45
0.25
-1.85453e-24
0.15
0.25
0.4
0.15
0.3
0.45
0.4
-3.27948e-24
0.1
0.25
0.4
0.35
0.1
-1.82772e-24
0.4
0.4
0.35
0.4
0.3
0.35
0.2
0.4
0.4
0.35
0.3
0.25
0.1
0.45
0.25
0.15
0.2
0.05
0.4
0.25
0.35
0.2
0.45
0.1
0.45
-2.05892e-24
-1.87532e-24
0.25
0.15
0.25
0.4
0.25
0.05
0.45
0.05
0.35
0.3
0.1
0.45
0.35
0.2
0.3
-1.85858e-24
0.4
0.15
0.2
0.15
0.25
0.05
0.45
0.25
0.25
0.25
0.3
0.4
0.25
0.15
-1.84916e-24
0.1
0.45
0.15
0.25
0.35
0.45
0.4
0.45
0.05
0.15
0.05
0.25
0.15
0.35
0.05
0.2
0.15
0.35
0.45
0.3
0.45
0.05
0.2
0.05
-1.83013e-24
0.25
0.4
0.45
0.1
0.15
0.3
0.3
0.25
0.05
0.4
0.35
0.4
0.35
-1.85516e-24
0.1
0.2
0.1
0.4
0.15
0.05
0.25
0.35
0.25
0.25
0.2
0.45
0.15
0.3
0.35
0.1
-1.85461e-24
0.3
0.25
0.3
0.3
0.15
0.4
0.1
0.1
0.1
0.35
0.1
-1.85505e-24
0.25
0.15
0.25
0.05
0.15
-1.87151e-24
0.3
0.25
0.3
0.35
0.3
0.2
0.35
0.25
0.1
-1.85554e-24
0.15
0.25
0.35
0.4
-1.85502e-24
0.35
0.45
0.15
0.1
0.35
-1.85502e-24
0.4
0.25
0.2
0.25
0.35
0.35
0.05
0.15
0.25
0.4
0.25
0.15
0.25
0.4
0.3
0.35
0.05
0.3
0.25
0.4
0.15
0.4
0.35
0.05
-0.008
-3.46426e-23
0.05
0.2
0.05
0.35
-3.46426e-23
0.3
0.45
0.15
0.15
-3.46426e-23
0.45
0.15
0.3
0.35
0.25
0.25
0.35
0.05
-3.46426e-23
0.25
0.4
0.3
-3.46426e-23
0.4
0.2
0.25
0.05
0.1
0.15
0.05
0.4
0.05
-3.46426e-23
0.2
0.35
0.45
0.15
0.35
0.2
0.15
0.2
0.4
0.25
0.25
-3.46436e-23
0.45
0.2
0.25
0.3
0.2
0.2
0.2
0.1
0.4
0.4
0.3
-3.46426e-23
0.25
0.3
0.05
-3.46426e-23
-3.46427e-23
0.1
0.2
0.1
0.25
0.4
0.45
0.4
0.05
0.25
0.45
0.3
0.25
0.25
0.35
0.4
0.2
0.3
0.45
0.15
0.25
0.1
0.2
0.3
0.2
-3.46427e-23
0.1
-3.46422e-23
0.35
0.2
0.2
0.4
-3.46435e-23
0.05
0.15
0.05
0.25
0.45
0.05
0.35
0.3
0.45
0.15
0.05
0.05
0.4
0.15
-3.46428e-23
0.1
-3.46426e-23
0.45
0.2
0.3
0.3
0.2
-3.46383e-23
0.15
-3.46322e-23
0.15
-3.4634e-23
0.2
-3.52841e-23
0.3
0.3
0.15
0.2
0.25
-4.08278e-23
0.4
0.3
0.2
0.3
0.45
0.3
0.3
0.35
0.1
0.4
0.25
0.35
0.35
0.2
0.3
0.25
0.05
0.45
0.35
0.45
0.45
0.4
0.4
-4.82569e-23
0.3
0.25
-5.14164e-23
0.45
0.45
0.45
0.3
0.05
0.45
0.1
0.3
0.45
-3.46485e-23
0.1
0.45
0.1
0.45
0.25
0.25
0.35
0.4
0.2
0.45
-3.43402e-23
0.25
0.1
0.05
0.05
0.1
0.45
0.45
0.1
0.15
0.45
0.1
0.45
0.1
0.2
0.4
0.3
0.3
0.05
0.3
-3.46421e-23
0.35
0.35
0.15
0.1
0.35
-3.44235e-23
0.35
0.2
0.15
0.05
-3.96873e-23
0.45
0.45
0.2
0.2
0.45
0.1
0.05
0.15
0.3
0.45
0.2
0.2
0.2
0.1
0.2
0.45
0.35
0.25
0.2
0.25
0.3
0.35
0.45
0.35
0.35
0.1
0.1
0.45
-5.13181e-23
0.3
0.2
0.3
0.2
0.05
0.1
0.25
0.15
-3.47909e-23
0.35
0.25
0.1
0.25
0.15
0.05
-3.46423e-23
0.45
0.15
0.1
0.25
0.25
0.25
0.4
0.45
0.2
0.45
0.45
0.15
0.4
-6.95825e-23
0.25
0.15
0.15
0.1
0.3
0.25
0.15
-3.47622e-23
0.35
0.4
0.05
0.1
0.35
-3.46425e-23
0.15
0.4
0.4
0.35
-3.45722e-23
-3.45329e-23
0.35
0.1
0.45
0.45
0.45
0.25
0.2
0.35
0.45
0.3
0.35
0.05
0.05
-3.46567e-23
0.05
0.1
0.4
0.25
0.1
0.45
0.3
0.4
0.3
0.45
0.2
0.15
0.35
0.2
0.3
0.1
-3.44574e-23
0.1
0.4
0.1
0.05
0.45
0.4
0.2
0.3
-3.42924e-23
0.2
0.35
0.05
0.15
0.45
0.45
0.05
-3.46421e-23
0.05
-3.46418e-23
0.2
-3.46359e-23
0.15
0.45
0.45
0.05
0.35
0.15
0.4
0.2
0.05
0.15
0.1
0.1
0.1
-3.57907e-23
0.15
0.15
0.15
0.3
0.2
0.15
0.05
0.2
0.35
0.4
0.45
0.45
0.15
0.3
0.35
0.3
0.15
0.2
0.25
0.45
0.25
0.35
-3.8345e-23
0.4
0.05
0.05
0.2
0.4
0.3
0.45
0.3
0.2
0.45
0.4
-3.46685e-23
0.05
0.25
-3.46424e-23
0.1
0.45
0.4
0.25
0.3
0.2
0.15
0.15
0.05
0.05
0.25
0.45
-4.00068e-23
-6.96588e-23
-9.11357e-23
-6.58564e-23
0.05
0.2
0.4
0.3
-3.46867e-23
0.25
0.35
0.1
0.1
0.2
0.05
-3.46425e-23
0.25
0.25
0.15
0.25
0.3
0.1
0.4
0.2
0.15
0.35
0.2
0.45
-4.40645e-23
0.15
0.35
0.45
0.15
0.15
-3.4615e-23
0.3
0.45
0.45
0.25
0.15
0.35
0.4
0.45
0.4
0.15
0.4
0.25
0.2
0.35
0.45
0.3
-3.45403e-23
0.2
0.05
0.15
-3.79776e-23
0.15
0.1
0.1
0.45
0.3
0.3
0.3
0.2
0.25
-3.46836e-23
-3.46354e-23
0.3
0.35
0.25
0.25
0.35
0.05
0.05
-3.46408e-23
0.4
0.3
-3.46484e-23
0.25
0.3
0.45
0.05
0.45
0.25
0.1
-7.59685e-23
0.4
0.2
0.2
0.25
0.15
-3.48463e-23
0.1
0.1
0.4
0.2
0.4
0.25
-3.46381e-23
0.35
-3.46423e-23
0.1
0.1
-3.46369e-23
0.45
0.3
0.05
0.1
0.05
0.05
0.25
0.45
0.3
-7.3105e-23
0.1
0.45
0.05
0.45
0.35
0.35
0.3
0.35
0.2
0.4
0.1
0.15
0.05
0.2
0.3
0.05
0.2
0.2
0.2
0.3
0.1
0.45
0.3
0.05
0.2
0.45
0.15
0.4
0.05
0.3
-3.90296e-23
0.1
0.3
0.25
0.4
0.25
0.4
-3.46288e-23
-3.46356e-23
0.3
0.35
0.25
0.35
0.35
0.15
0.1
0.1
0.2
0.1
0.3
0.05
-3.82922e-23
0.05
0.1
0.35
0.3
0.05
0.45
0.15
0.35
0.25
0.4
0.2
-3.46107e-23
0.35
0.15
0.35
-3.46364e-23
0.4
0.05
0.25
0.15
0.1
-3.46343e-23
0.4
0.05
0.45
0.35
0.05
0.25
0.25
0.1
0.45
-6.25729e-23
-6.34962e-23
0.1
0.1
0.25
-3.49652e-23
0.1
0.45
0.35
0.4
0.3
0.4
0.35
0.25
-3.46426e-23
-3.46426e-23
0.2
0.45
0.35
0.15
-3.47794e-23
0.1
0.05
-3.76898e-23
0.05
0.15
0.25
0.1
0.45
0.1
0.05
0.4
0.15
-3.51233e-23
0.4
0.15
0.35
0.2
0.05
0.35
0.3
0.05
0.1
0.2
0.35
0.15
0.3
0.1
0.15
-3.50369e-23
0.45
0.15
0.1
0.4
0.15
0.45
0.15
0.35
0.4
-4.16909e-23
0.3
0.05
0.15
-3.46254e-23
0.2
0.15
0.05
0.3
0.3
0.3
0.35
0.3
0.3
0.2
0.05
0.3
0.05
0.25
0.45
0.2
0.15
0.15
0.4
0.1
0.35
0.25
0.15
0.35
0.25
0.2
0.15
0.15
0.05
0.3
0.05
0.35
0.35
0.05
0.4
0.35
0.2
0.4
0.1
0.15
0.05
0.45
0.25
0.45
0.15
0.35
0.15
0.45
0.4
0.2
0.1
-3.44929e-23
0.45
0.05
0.2
0.25
0.15
0.15
0.25
0.25
0.4
0.25
0.15
0.35
0.1
0.2
0.35
-3.46433e-23
0.05
0.2
0.15
0.05
0.15
0.35
0.35
0.25
0.25
0.4
0.3
0.3
-3.46162e-23
0.2
0.35
0.3
-3.46423e-23
0.1
0.15
-3.46426e-23
0.45
-3.46426e-23
-3.46426e-23
0.15
0.4
0.35
0.15
-3.46426e-23
0.4
0.25
0.15
0.15
0.35
0.3
-3.4634e-23
0.45
-3.46317e-23
0.1
0.45
-3.46332e-23
0.2
0.4
0.45
0.45
0.25
0.15
0.15
0.05
0.4
-3.46426e-23
0.45
-0.009
0.15
0.45
0.4
-7.25207e-24
0.25
0.45
0.4
0.3
0.1
0.3
0.15
0.4
0.05
0.25
0.45
0.15
0.45
0.2
0.4
0.05
0.3
0.35
-7.25207e-24
0.2
0.45
0.45
0.2
0.15
0.4
0.05
0.45
-7.25207e-24
0.1
0.35
0.3
0.1
-7.25215e-24
0.25
0.35
0.45
0.1
0.45
-7.25229e-24
0.45
0.1
0.45
0.45
0.45
-7.25215e-24
0.4
0.35
0.35
0.45
0.1
0.4
0.2
0.15
0.25
0.15
0.35
0.05
0.1
0.4
0.4
0.2
0.4
0.4
0.4
0.3
0.15
0.3
0.25
0.35
0.45
0.45
0.05
0.1
0.4
0.05
0.1
-7.25207e-24
0.3
0.05
0.4
0.15
0.45
0.3
0.4
0.15
0.45
0.35
0.3
0.25
0.35
0.2
0.3
0.25
-7.27473e-24
0.15
0.45
0.3
0.25
0.05
0.15
0.45
0.35
0.05
0.35
0.4
0.3
0.3
0.05
0.3
0.1
0.05
0.25
0.4
0.05
0.1
0.2
0.1
0.25
-7.30136e-24
0.1
0.15
0.1
0.4
-9.29153e-24
0.15
0.25
0.1
0.05
0.15
0.4
0.35
0.1
0.4
0.45
0.05
0.4
-7.25207e-24
0.15
0.15
0.1
0.4
0.45
0.05
0.05
0.05
0.4
0.1
0.45
0.15
-9.91194e-24
0.35
0.1
0.45
0.35
0.2
0.2
0.3
-7.41065e-24
-7.29798e-24
0.45
0.35
0.4
-7.2526e-24
0.15
0.4
0.25
0.2
0.4
-7.25252e-24
-7.25081e-24
0.4
0.4
0.2
0.15
0.3
0.4
0.05
0.1
0.4
0.3
0.15
0.45
0.4
0.2
0.35
0.15
0.3
0.25
0.4
0.2
-7.25593e-24
0.15
0.05
0.05
0.15
0.3
0.25
0.25
0.35
0.25
-7.21126e-24
0.1
0.35
-7.48712e-24
-8.58891e-24
0.15
0.15
0.1
-1.23334e-23
0.2
0.2
0.25
0.05
0.1
0.45
-7.29326e-24
0.15
0.45
0.15
-7.25218e-24
0.45
0.25
0.15
0.3
0.35
0.2
0.3
0.45
0.25
0.45
0.1
0.1
0.3
0.2
0.45
0.4
0.2
0.05
0.05
0.4
0.15
0.3
0.05
0.25
0.15
0.15
0.4
0.4
0.35
0.35
0.4
0.1
0.25
0.25
0.4
0.25
0.35
0.25
0.25
0.35
0.45
0.15
0.1
0.1
0.2
0.2
-7.9202e-24
0.25
0.35
0.25
0.45
0.25
0.4
0.35
-7.254e-24
0.35
-7.25203e-24
0.2
0.2
0.15
0.4
0.35
0.05
0.05
-7.1631e-24
0.4
0.45
0.3
0.05
0.45
0.25
0.15
0.15
0.05
0.1
0.1
0.15
0.4
0.45
0.45
0.45
0.3
0.2
0.3
0.35
0.35
0.15
0.45
0.05
0.45
0.45
0.35
0.3
0.15
0.3
0.35
0.25
0.35
0.05
0.1
0.25
0.35
0.05
0.35
-7.24951e-24
0.05
0.35
0.45
0.15
0.05
0.15
0.15
0.2
0.2
0.05
0.3
0.2
-7.25091e-24
0.35
0.45
-7.11832e-24
0.3
0.4
0.4
0.2
0.1
0.2
0.4
0.1
0.05
0.25
0.2
0.25
0.2
0.35
0.1
0.25
0.45
0.1
0.35
0.05
0.05
0.15
0.2
0.3
0.05
0.15
0.25
0.05
0.35
-6.99e-24
0.2
-7.72035e-24
0.25
0.05
0.05
0.45
-7.03728e-24
0.15
0.35
0.05
0.05
0.2
0.1
0.25
0.4
0.15
0.15
-7.25207e-24
0.45
0.2
0.4
0.2
0.1
-7.21099e-24
-7.13701e-24
0.15
0.3
0.35
0.35
0.25
0.2
0.1
0.35
0.35
0.2
0.15
0.35
0.15
0.35
0.3
-7.23222e-24
0.3
0.2
0.45
0.25
0.45
0.45
0.4
-7.25257e-24
0.15
0.35
0.2
0.35
0.2
0.35
0.2
0.1
0.15
0.1
0.25
0.15
-7.45146e-24
0.05
0.3
0.45
0.25
0.15
0.45
-7.24397e-24
0.4
0.3
0.4
0.15
0.25
0.45
0.45
0.2
0.15
0.35
0.2
0.2
-7.10423e-24
0.05
0.35
0.35
0.45
0.4
0.3
0.25
0.1
0.2
-7.05931e-24
0.2
0.35
0.35
0.45
0.35
0.45
-7.25508e-24
0.2
0.35
0.4
0.45
0.3
0.3
-7.25081e-24
0.35
0.15
0.25
0.1
0.05
0.4
0.4
0.05
-1.5908e-23
0.05
0.2
0.05
0.35
0.1
0.35
0.2
0.4
0.05
0.25
0.3
0.2
0.35
0.45
0.05
0.3
0.05
0.15
0.35
0.05
0.45
0.3
0.05
0.25
0.05
0.35
0.3
0.4
0.15
0.2
0.45
0.35
0.35
0.2
0.3
0.05
0.15
0.3
0.05
-7.25624e-24
0.35
-7.2536e-24
0.1
0.3
0.05
0.45
-7.25242e-24
-7.2692e-24
0.05
0.4
0.3
0.25
0.1
0.45
0.25
0.3
0.4
0.4
0.25
0.35
0.1
0.25
0.2
0.15
0.25
0.4
0.05
0.35
0.15
0.3
0.25
0.1
0.15
0.45
0.05
0.4
0.15
-7.37321e-24
0.1
0.1
0.45
0.25
-1.23929e-23
0.3
0.2
0.05
0.1
-7.43225e-24
-7.22458e-24
0.25
0.05
0.2
0.4
0.4
0.45
0.3
0.25
0.3
0.3
0.35
0.35
0.2
0.35
0.4
0.1
-7.39614e-24
0.25
0.3
0.45
0.05
-1.21669e-23
0.3
0.15
-1.08543e-23
0.05
0.2
0.35
0.3
-7.2511e-24
0.25
0.3
0.05
0.2
0.1
0.1
0.05
0.1
-7.25207e-24
0.1
0.2
0.4
0.45
0.1
0.3
0.35
0.45
0.15
0.05
0.25
0.15
0.2
-1.08816e-23
0.2
0.35
0.1
0.2
-7.25295e-24
0.35
0.4
0.45
0.45
0.25
0.4
-7.25207e-24
0.2
0.45
0.25
0.3
-7.25356e-24
-7.26901e-24
0.25
0.3
0.05
0.05
0.45
0.1
0.05
0.05
0.2
0.2
0.1
0.05
0.05
0.2
0.3
0.15
0.4
0.2
0.15
0.45
0.4
0.35
0.35
0.05
0.45
0.45
0.05
0.45
0.25
0.4
0.05
-7.55569e-24
-7.8299e-24
0.35
-8.44744e-24
0.3
0.25
0.05
0.15
0.3
0.4
0.4
0.3
-7.24939e-24
0.45
0.3
-7.25204e-24
-7.25211e-24
0.25
0.3
0.1
0.2
0.1
-7.25223e-24
0.3
0.1
0.1
0.2
-7.26081e-24
0.45
0.45
0.2
0.25
0.1
-7.32013e-24
0.3
0.25
0.1
0.4
0.35
0.45
0.1
0.1
0.1
0.4
0.05
0.25
0.3
0.2
0.2
0.1
0.45
0.25
-7.25233e-24
0.45
0.25
0.3
0.2
0.45
0.3
0.25
0.45
0.4
0.25
0.25
0.25
0.35
0.05
0.35
0.45
0.45
0.45
0.1
-7.25207e-24
0.35
0.25
0.4
0.3
0.35
0.25
0.15
0.2
0.2
-7.25278e-24
0.4
0.45
0.1
0.15
0.25
0.25
0.15
0.1
-7.25463e-24
0.05
0.25
0.15
0.05
0.3
0.4
0.05
0.3
0.4
0.05
-7.25207e-24
-0.007
0.25
0.4
0.05
0.2
0.4
0.45
0.4
0.4
0.25
0.45
0.05
0.2
-5.08067e-25
0.3
0.3
0.25
0.15
0.3
0.3
0.25
0.35
0.45
0.25
0.1
0.45
0.25
0.35
0.15
0.15
0.05
0.3
0.2
0.3
0.2
0.1
-5.08054e-25
0.45
0.4
0.15
0.05
0.35
0.25
0.1
0.05
0.4
0.2
0.25
0.35
0.15
0.35
0.25
0.3
0.4
0.05
0.4
0.25
0.2
0.25
0.15
0.3
0.15
0.3
0.3
-5.0801e-25
0.2
-5.07779e-25
0.15
0.1
0.05
0.4
0.3
0.15
0.3
0.05
0.35
0.3
0.45
0.05
0.2
0.35
0.3
0.3
0.4
0.35
0.45
0.4
0.3
0.2
0.45
0.15
0.4
-5.08427e-25
-5.0872e-25
0.25
0.45
0.15
0.3
0.05
0.45
0.1
0.45
0.1
0.3
0.3
0.1
0.25
0.45
0.4
0.05
0.35
-5.08072e-25
0.45
0.1
0.2
0.35
0.4
0.1
0.1
-5.08965e-25
-5.09545e-25
-5.10559e-25
0.25
0.3
0.05
0.3
0.25
0.4
0.05
0.05
-5.45612e-25
0.25
0.4
0.25
0.05
0.3
0.4
0.2
-5.08384e-25
-5.08066e-25
0.35
0.05
0.15
0.2
0.05
0.25
0.2
0.25
0.25
0.15
0.1
-5.21925e-25
0.3
0.1
-6.62509e-25
0.4
0.45
0.2
0.45
0.15
-5.60476e-25
-5.32706e-25
0.25
0.1
0.1
0.15
0.4
0.15
0.25
0.05
0.35
0.4
0.45
0.35
0.4
-5.08505e-25
0.45
0.05
0.25
0.05
0.15
0.2
-7.21114e-25
0.25
0.15
0.1
0.2
0.15
0.3
0.3
0.2
-5.34888e-25
0.2
0.3
0.45
0.3
0.15
0.3
0.1
-5.08204e-25
0.25
0.45
0.25
0.2
0.2
0.25
0.15
0.05
0.35
0.1
0.3
0.15
0.3
-8.56509e-25
-7.26266e-25
0.3
0.3
-5.6268e-25
0.3
0.25
0.1
0.25
0.1
0.1
0.25
0.15
0.05
0.35
0.35
0.1
0.15
0.05
0.05
0.2
0.05
0.3
-6.66484e-25
0.3
0.25
0.4
0.15
0.05
0.35
0.3
0.25
0.2
0.25
0.05
0.05
0.4
-5.38422e-25
0.45
0.15
0.35
0.2
0.3
0.3
0.45
0.3
0.3
-5.59818e-25
0.05
-5.83702e-25
-6.00866e-25
0.45
0.1
0.2
0.15
0.2
0.3
0.1
0.15
0.2
0.45
0.15
0.3
0.05
-5.64074e-25
0.4
0.4
0.25
0.35
0.45
0.2
0.25
-5.16949e-25
0.15
0.35
0.15
0.45
0.45
0.4
0.1
-6.10962e-25
0.45
0.1
0.3
0.2
0.45
0.1
0.15
0.35
0.35
0.3
0.1
0.3
0.05
-5.102e-25
0.1
0.4
0.1
0.3
0.4
0.25
0.1
0.2
0.15
0.15
-4.91278e-25
0.35
0.35
0.35
0.05
0.15
0.05
0.25
-6.3095e-25
0.4
0.45
-5.62591e-25
0.2
0.15
0.45
0.2
0.4
0.4
0.35
0.1
0.3
0.05
0.2
0.4
0.3
0.1
0.4
0.1
0.2
0.05
0.35
-5.97195e-25
0.3
-1.1308e-24
0.15
0.35
0.45
0.4
0.05
0.05
0.3
-5.13818e-25
-5.12613e-25
0.1
-5.08743e-25
0.05
0.15
0.45
0.4
0.45
0.05
0.4
0.1
0.15
0.1
0.45
0.2
0.05
0.05
0.15
0.1
0.3
0.25
0.15
0.3
0.1
0.45
0.4
0.45
0.4
0.1
0.2
0.1
0.45
0.45
0.05
0.15
0.05
0.45
0.45
0.05
0.45
0.4
0.4
0.25
-4.418e-25
0.05
0.35
-9.00264e-25
0.2
0.35
0.4
0.25
0.2
0.05
0.35
0.05
0.05
0.25
-5.06963e-25
0.2
0.35
0.15
0.4
0.15
0.3
0.2
0.45
0.35
0.1
0.15
0.4
0.4
0.2
0.4
-5.37851e-25
0.25
0.35
0.45
0.3
-5.08118e-25
0.05
0.2
0.35
0.2
0.2
0.45
-5.07926e-25
0.35
0.45
0.3
0.1
0.1
0.25
0.1
0.2
-5.12583e-25
0.25
0.35
0.25
0.15
0.3
0.45
0.2
0.2
0.15
0.25
0.25
0.2
0.2
0.35
0.25
0.15
0.4
0.4
0.05
0.35
0.35
0.45
0.2
0.45
0.2
0.05
0.2
0.35
0.25
0.3
0.2
0.35
0.05
0.1
0.25
-9.91816e-25
0.45
0.35
-5.83844e-25
0.2
0.4
0.45
0.05
0.15
0.35
0.25
0.1
0.1
0.2
0.25
0.3
0.05
0.15
0.15
0.4
0.15
0.4
-5.65504e-25
0.2
0.4
-4.98822e-25
0.35
0.45
0.1
0.25
0.05
0.45
-5.36818e-25
0.4
0.25
0.1
0.05
0.1
0.15
0.3
0.2
0.1
0.25
-5.08081e-25
0.3
-5.0818e-25
0.45
0.25
0.15
0.2
0.25
0.25
0.15
0.15
0.3
0.25
-1.00145e-24
0.35
0.2
0.25
0.4
0.35
0.05
0.2
0.05
0.2
0.3
0.35
0.25
0.1
0.35
0.15
0.1
0.2
0.45
0.45
-5.21635e-25
0.45
0.45
0.3
0.1
0.35
0.4
0.25
0.1
0.3
0.45
0.35
0.15
0.35
0.45
-5.19499e-25
0.25
0.3
0.4
0.3
0.1
0.4
0.1
0.15
0.45
0.3
0.3
0.35
0.35
0.3
0.35
0.45
0.3
0.35
0.45
0.25
0.45
0.25
-6.71611e-25
0.2
0.15
0.4
0.35
0.35
0.25
0.1
0.35
0.15
0.4
0.3
0.2
0.2
0.45
0.4
0.4
0.2
0.15
0.45
0.25
0.1
0.25
0.1
0.25
0.25
0.2
0.3
0.15
0.35
0.05
-5.20751e-25
0.3
0.3
0.3
0.1
0.2
0.15
0.45
0.4
0.2
-5.08074e-25
0.3
0.1
0.25
-5.08293e-25
0.45
0.1
0.45
0.45
0.2
0.2
-8.02696e-25
0.4
0.05
0.1
0.05
0.35
0.15
0.2
0.35
0.3
0.45
0.15
0.45
0.05
0.45
0.3
0.4
0.05
0.45
0.1
0.15
0.05
0.2
0.05
0.25
-5.32128e-25
0.35
0.2
0.15
0.2
0.2
0.45
0.15
0.25
0.2
0.2
0.2
0.2
0.25
0.45
0.45
0.15
0.05
0.15
0.2
0.35
0.35
0.2
0.45
0.2
0.3
0.35
0.4
0.25
0.05
0.35
-5.75973e-25
0.25
0.4
0.2
0.4
0.15
0.3
0.35
0.05
0.1
0.2
0.35
-5.08027e-25
0.2
0.45
0.35
-5.08074e-25
0.2
-5.08074e-25
0.2
0.4
-5.08068e-25
0.3
0.35
0.35
0.3
0.05
0.35
0.3
0.1
0.35
0.15
-5.37768e-25
0.05
0.25
0.2
0.45
0.2
0.35
0.45
0.25
0.45
0.25
0.05
0.45
0.45
0.3
0.45
0.35
0.25
0.1
0.05
0.15
0.05
0.05
0.1
0.3
0.45
0.25
0.45
0.05
0.1
0.45
0.15
0.3
0.2
0.45
0.05
0.45
0.2
0.35
0.15
0.15
0.004
-0.319694
-0.219694
-0.0696957
-0.119694
-0.369697
-0.0196961
-0.0196961
-0.169691
-0.169691
-0.0696957
-0.0196961
-0.0696957
-0.419698
-0.269695
-0.369697
-0.269695
-0.422697
-0.266814
-0.216836
-0.266814
-0.116826
-0.266814
-0.16683
0.0831802
-0.216836
-0.366804
-0.266814
-0.0668238
-0.0168248
-0.0668238
-0.16683
-0.366804
-0.216836
-0.369804
-0.376122
0.0738892
-0.126116
-0.226118
-0.276124
-0.276124
0.0238828
-0.0761131
-0.276124
-0.126116
-0.326124
-0.126116
-0.0761131
-0.126116
-0.276124
-0.376122
-0.384121
-0.181828
-0.331803
-0.0318353
-0.231822
-0.0318353
-0.0318353
-0.181828
-0.131832
-0.281798
-0.131832
-0.331803
-0.481805
-0.0318353
-0.431806
-0.0318353
-0.0818362
-0.488805
-0.0350028
-0.0850038
-0.135023
-0.385115
-0.0850038
-0.335115
-0.335115
-0.0350028
-0.0850038
-0.135023
-0.185029
-0.185029
-0.235038
-0.185029
-0.0850038
-0.435118
-0.477116
-0.307222
-0.407218
-0.0572573
-0.207263
-0.157262
-0.207263
-0.207263
-0.107263
-0.00725678
-0.157262
-0.107263
-0.257232
-0.307222
0.0427484
-0.307222
-0.207263
-0.408218
0.0707472
-0.0792547
-0.329262
-0.179256
-0.179256
-0.179256
-0.329262
-0.279257
-0.179256
-0.379263
-0.0792547
-0.329262
-0.0792547
-0.229254
-0.129258
-0.0792547
-0.388265
-0.49117
-0.0412082
-0.391169
-0.141207
-0.49117
-0.391169
-0.141207
-0.0412082
-0.0412082
-0.0912064
-0.0912064
-0.191202
-0.0912064
-0.0912064
-0.0412082
-0.191202
-0.489169
-0.19145
-0.44139
-0.39139
-0.241453
-0.0914513
-0.0414548
-0.0414548
0.00854559
-0.34139
-0.291396
0.00854559
-0.0414548
-0.0914513
-0.141451
-0.241453
-0.39139
-0.44239
0.0831338
-0.266808
-0.216869
-0.166874
-0.216869
-0.0668719
-0.166874
-0.216869
-0.166874
0.0331267
-0.36682
-0.266808
-0.116876
-0.266808
-0.36682
-0.216869
-0.358821
-0.229003
-0.179006
-0.179006
0.0209977
-0.329012
-0.279017
-0.079
-0.079
-0.279017
0.0209977
-0.079
-0.429008
-0.229003
-0.179006
-0.279017
-0.179006
-0.434009
-0.22587
-0.0758888
-0.0758888
-0.22587
-0.425857
-0.0758888
-0.22587
-0.175872
-0.325854
-0.375857
-0.0258824
-0.175872
-0.0758888
0.0241196
-0.22587
-0.275858
-0.435858
-0.0663651
-0.466482
-0.216373
-0.0163652
-0.0663651
-0.466482
-0.116363
-0.466482
-0.0163652
-0.416485
-0.0663651
-0.0163652
-0.166379
-0.0163652
-0.266493
-0.116363
-0.458483
-0.107299
-0.35727
-0.35727
-0.157307
-0.407267
-0.0073014
-0.207302
-0.407267
-0.35727
0.042692
-0.0573008
-0.107299
0.042692
-0.0573008
-0.35727
-0.107299
-0.401267
-0.026138
-0.376134
-0.126141
-0.276129
0.0738633
-0.376134
0.0738633
-0.176139
-0.0761416
-0.376134
-0.226139
-0.326141
-0.326141
-0.0761416
-0.376134
0.0238565
-0.382133
-0.0543865
-0.304358
-0.0543865
0.0956135
-0.354352
-0.354352
-0.354352
-0.304358
-0.104382
-0.0543865
-0.204387
-0.354352
-0.0543865
0.0456113
-0.25435
-0.304358
-0.360353
-0.522442
-0.288175
-0.390126
-0.801543
-0.758769
-0.341469
-0.0883133
-0.84229
-0.446042
-0.427831
-0.487927
-0.476944
-0.481611
-0.233974
-0.263188
-0.202573
-2.08734
-0.21399
-0.221871
-0.400492
-0.849052
-0.797324
-0.30453
-0.0611024
-0.890305
-0.50132
-0.132414
-0.300559
-0.420549
-0.499933
-0.18656
-0.333778
-0.235107
-1.97906
-0.299374
-0.241573
-0.328631
-0.819443
-0.740645
-0.225242
-0.222851
-0.91442
-0.503264
-0.26749
-0.530972
-0.323792
-0.484573
-0.387146
-0.151893
-0.197196
-1.98966
-0.456644
-0.109267
-0.412643
-0.835454
-0.805794
-0.444046
-0.348221
-0.876866
-0.537337
-0.311461
-0.392277
-0.295016
-0.496745
-0.241287
-0.382626
-0.0950381
-1.90736
-0.502191
-0.25003
-0.467524
-0.836131
-0.776678
-0.471098
-0.0573109
-0.869816
-0.506524
-0.345227
-0.513075
-0.264256
-0.477864
-0.209429
-0.286471
-0.346412
-2.07611
-0.284996
-0.14819
-0.282857
-0.826749
-0.7439
-0.473943
-0.360396
-0.865914
-0.46736
-0.288312
-0.469683
-0.366406
-0.558327
-0.208163
-0.245652
-0.208405
-2.13221
-0.265737
-0.223395
-0.462905
-0.80157
-0.73763
-0.425793
-0.117316
-0.847924
-0.472276
-0.327667
-0.467852
-0.512264
-0.534592
-0.1812
-0.121675
-0.288128
-1.80655
-0.465358
-0.0463926
-0.382688
-0.836603
-0.736427
-0.323763
-0.335687
-0.898542
-0.512394
-0.291077
-0.416
-0.484751
-0.521498
-0.39899
-0.226775
-0.0447676
-2.04202
-0.454383
-0.105056
-0.453794
-0.879478
-0.770662
-0.450684
-0.129037
-0.894512
-0.436102
-0.303368
-0.516877
-0.349646
-0.479338
-0.21474
-0.36186
-0.028109
-1.89819
-0.389226
-0.245764
-0.41999
-0.845848
-0.816332
-0.307727
-0.041592
-0.941871
-0.556815
-0.18914
-0.478564
-0.214136
-0.521326
-0.389026
-0.289451
-0.162628
-1.92902
